target,prediction_VL_01,prediction_VL_02,prediction_VL_03
0,0.10129148797394001,0.6293452334214404,0.26936327860461956
0,0.38338257502242074,0.26539188987013973,0.35122553510743953
0,0.2272261746937083,0.5568320849755577,0.21594174033073407
0,0.22969300800397124,0.5264487301515439,0.24385826184448478
0,0.34042926610078944,0.28729976030090154,0.372270973598309
0,0.13627132396484848,0.4613112277044579,0.40241744833069354
0,0.2863872738730014,0.4038064906080371,0.3098062355189616
0,0.1591021054776449,0.3056492241621572,0.535248670360198
0,0.29173044073387777,0.34445544066463796,0.3638141186014842
0,0.2017700359990034,0.5811909316036429,0.2170390323973537
0,0.037407973559331426,0.8461491590225572,0.1164428674181113
0,0.15302394095515823,0.4845217804606428,0.36245427858419904
0,0.10573877486149345,0.49325742001410666,0.4010038051243998
0,0.24146607780748677,0.4780965948598769,0.28043732733263627
0,0.19542408341427922,0.5476750377178131,0.2569008788679075
0,0.08110032829075832,0.6772347792650947,0.241664892444147
0,0.16679758917861198,0.29545787482787533,0.5377445359935127
0,0.30414861747897026,0.44874713969147206,0.24710424282955773
0,0.2292529281239558,0.6635438281852946,0.10720324369074968
0,0.27156261763133654,0.3983329230635329,0.3301044593051305
0,0.057999674952038366,0.41700074334596615,0.5249995817019956
0,0.27986441915431,0.10546531502293831,0.6146702658227517
0,0.25459331834971544,0.28746477625207395,0.45794190539821067
0,0.15601946378932918,0.6383615839350029,0.20561895227566793
0,0.34517623374348533,0.1930426503061282,0.4617811159503865
0,0.2502120412988892,0.46862457271959423,0.2811633859815166
0,0.20447520259556248,0.26155372909576396,0.5339710683086736
0,0.6311401911025971,0.15512549834944783,0.21373431054795505
0,0.26724289256284034,0.5896258556849356,0.14313125175222402
0,0.6215488446339418,0.22157644256356315,0.1568747128024952
0,0.37546913044533736,0.2765829605862325,0.34794790896843014
0,0.5358426819271421,0.25608285707729017,0.20807446099556776
0,0.29761826357503074,0.3249085311131244,0.37747320531184486
0,0.34182814681285945,0.17646610580960276,0.48170574737753785
0,0.3821770086585176,0.2006546348118654,0.4171683565296169
0,0.680130438240152,0.11377964327931267,0.20608991848053534
0,0.661766077586613,0.11059416054187358,0.22763976187151339
0,0.4723296945199535,0.3227260109502027,0.2049442945298438
0,0.3656725560109891,0.40251039746177736,0.23181704652723348
0,0.2469145705290407,0.637899433788837,0.11518599568212227
0,0.55247011295563,0.23523436692504437,0.21229552011932576
0,0.405487195176407,0.3473572167153546,0.24715558810823834
0,0.3302866783150192,0.3690576635208236,0.30065565816415724
0,0.5653670123825701,0.2642715017917367,0.17036148582569316
0,0.863371244243673,0.03691165309578126,0.0997171026605456
0,0.35286339648095516,0.16320371640207637,0.4839328871169684
0,0.936182950258997,0.029166495321594356,0.03465055441940863
0,0.7899604853345145,0.09150224003166833,0.11853727463381719
0,0.5293001497271849,0.20936985371507047,0.26132999655774464
0,0.37384653182292216,0.48265142608804024,0.14350204208903755
0,0.5475564096225151,0.26468298652225364,0.18776060385523125
0,0.4969686620734629,0.3860958428244118,0.11693549510212539
0,0.09030001838777049,0.31372626461458375,0.5959737169976458
0,0.17027724729585503,0.4511798208778495,0.3785429318262954
0,0.30977081894242364,0.45777652184078743,0.23245265921678898
0,0.2612603074748466,0.09937559612522036,0.6393640963999332
0,0.13716515990850123,0.4453742098463195,0.4174606302451792
0,0.17660383779810052,0.6949710153056448,0.12842514689625473
0,0.25050488500714635,0.28925315120469575,0.46024196378815796
0,0.0852180456329659,0.5402297160838037,0.3745522382832304
0,0.4197562059753366,0.3992960520351933,0.18094774198947008
0,0.30912502263085107,0.20601565847655076,0.48485931889259815
0,0.1901845005809532,0.26047268078303515,0.5493428186360116
0,0.5623943923364205,0.2375302890019968,0.20007531866158265
0,0.3979025931232085,0.34948883412011045,0.2526085727566811
0,0.30829603944929757,0.2821833469038985,0.40952061364680403
0,0.1724437130339408,0.754312893756958,0.07324339320910132
0,0.26324809694702,0.5364255175934602,0.2003263854595197
0,0.22466494683005853,0.1339304080349969,0.6414046451349447
0,0.4585675347626482,0.19547218819154535,0.34596027704580645
0,0.7506965014058822,0.1887230046288135,0.06058049396530433
0,0.5567851631152352,0.34466999269045484,0.09854484419430995
0,0.40648948463482165,0.3066403287211531,0.28687018664402536
0,0.7713706493160534,0.06572712646104077,0.1629022242229059
0,0.31114452231103096,0.34085398595922023,0.3480014917297488
0,0.7403339995930308,0.13440707922369804,0.12525892118327117
0,0.11628282615884793,0.3469574919929874,0.5367596818481647
0,0.2866382406119749,0.4571582061021349,0.2562035532858902
0,0.1031706392579578,0.26809853335438716,0.628730827387655
0,0.509993510501617,0.2532102608270174,0.23679622867136557
0,0.7067319279941005,0.16243604800753964,0.13083202399835991
0,0.20435613200585637,0.47220986061735776,0.3234340073767859
0,0.16823875885171133,0.2534717863139568,0.5782894548343319
0,0.7519343351908209,0.17646319093088814,0.07160247387829088
0,0.3985592928669256,0.26246149044349226,0.3389792166895822
0,0.3935309431052369,0.2871569612333942,0.319312095661369
0,0.35975322755358413,0.3851083065402475,0.25513846590616823
0,0.19973909636063045,0.6012286435631792,0.1990322600761904
0,0.17057912811314907,0.4995482745737998,0.32987259731305124
0,0.043083162698318356,0.45305696947334095,0.5038598678283406
0,0.20268618484645037,0.4432522847586403,0.3540615303949094
0,0.0598373818631655,0.2873933704369804,0.6527692476998541
0,0.125687599623853,0.38837193325585917,0.4859404671202879
0,0.19302177315536478,0.39521303465555013,0.411765192189085
0,0.0692206657206782,0.24095646647712293,0.6898228678021988
0,0.5232207489136668,0.09378089967763469,0.3829983514086986
0,0.1140715191982328,0.11321875361138027,0.772709727190387
0,0.09853765186388985,0.24106323224087778,0.6603991158952324
0,0.26520116847483965,0.20531023815272234,0.529488593372438
0,0.15863281558400394,0.34599319707472287,0.4953739873412732
0,0.497098154110639,0.2656791995884834,0.2372226463008777
0,0.1433717696542737,0.6160320082099914,0.2405962221357349
0,0.5990080716444086,0.1699199473165472,0.23107198103904428
0,0.4733241028375971,0.2336501109474052,0.2930257862149976
0,0.04109062211984621,0.3165026351455603,0.6424067427345935
0,0.23900719902708706,0.41657393680530225,0.34441886416761075
0,0.05952674236300164,0.6951384032689395,0.2453348543680588
0,0.1871624437467816,0.359977442237215,0.4528601140160034
0,0.39311868649276666,0.2369911495943056,0.36989016391292767
0,0.13333777133891633,0.37025151509149773,0.496410713569586
0,0.3795036954429504,0.4245116494677344,0.19598465508931534
0,0.20711964829209167,0.38505607217392557,0.4078242795339828
0,0.22301363367409296,0.4040204909953175,0.3729658753305895
0,0.29029878198521425,0.10800695303386199,0.6016942649809237
0,0.06008230411774947,0.25631621692456225,0.6836014789576883
0,0.4676604714935922,0.2849004456215938,0.24743908288481403
0,0.406978999521701,0.17941893142768486,0.41360206905061414
0,0.8312691524761516,0.08735612161039825,0.08137472591345007
0,0.3130600057066639,0.4422966354075388,0.24464335888579739
0,0.13952182402849386,0.4919667308412333,0.36851144513027273
0,0.10269016215272335,0.6232507028983444,0.2740591349489323
0,0.19728546442182385,0.23376126418486248,0.5689532713933136
0,0.14669523154386693,0.26420981754073736,0.5890949509153958
0,0.3956431623577595,0.46192671146296904,0.14243012617927142
0,0.48816479175943506,0.18598213560334736,0.32585307263721763
0,0.3463789085592367,0.16188051319093966,0.49174057824982353
0,0.06872411910325556,0.7663735466327709,0.16490233426397358
0,0.39509094157497265,0.17211726304808797,0.4327917953769394
0,0.1799173397384417,0.47993459113387077,0.3401480691276876
0,0.19969362830009882,0.6913307128867258,0.10897565881317539
0,0.4768984654799688,0.30015750295615135,0.2229440315638799
0,0.23478511682497824,0.250123864724848,0.5150910184501737
0,0.3034745399646383,0.2432919446559327,0.45323351537942896
0,0.08539079010235857,0.2001362870640331,0.7144729228336083
0,0.2456537607189026,0.3446538864728527,0.4096923528082448
0,0.20362780574531422,0.401816510186392,0.3945556840682937
0,0.22646135010540394,0.42139868181721035,0.3521399680773857
0,0.7486685573200207,0.16110308363170353,0.09022835904827584
0,0.4129486082311944,0.37656736089737725,0.21048403087142833
0,0.4023756257822358,0.24020956778582672,0.3574148064319375
0,0.13093452586317608,0.4544998626182731,0.41456561151855076
0,0.1992689566319132,0.6166177617410318,0.184113281627055
0,0.24945096235171288,0.3461975990078351,0.4043514386404521
0,0.6096951135617322,0.10755015631200712,0.2827547301262607
0,0.22083264881152795,0.44012893260150204,0.3390384185869699
0,0.33852396961687553,0.2873416132116309,0.3741344171714935
0,0.13355014772539817,0.7857581075461544,0.08069174472844749
0,0.1653881840729131,0.3585596187485939,0.47605219717849306
0,0.17018152081446675,0.5475243533838068,0.2822941258017266
0,0.11852827226343612,0.23336927149231051,0.6481024562442534
0,0.14286006496860726,0.15349559194715096,0.7036443430842417
0,0.11888606338565845,0.6772108960332368,0.20390304058110467
0,0.1902782472787041,0.26293298729863385,0.546788765422662
0,0.19925796765493933,0.39945320581057336,0.4012888265344873
0,0.22381781536019743,0.31566718595431936,0.46051499868548323
0,0.3489963671630887,0.43497478868659356,0.21602884415031778
0,0.46660528683828834,0.26103644458108755,0.2723582685806241
0,0.18378231138431367,0.6249535873850175,0.19126410123066878
0,0.19010228141238644,0.6541495992365148,0.1557481193510987
0,0.1854220350140821,0.418649532565805,0.39592843242011283
0,0.29016614743786706,0.3156972937530317,0.3941365588091012
0,0.20497920998296745,0.4307546024839786,0.364266187533054
0,0.23851273769760176,0.4094372586231129,0.3520500036792854
0,0.4088749504093985,0.2962814427129977,0.29484360687760386
0,0.47018786924778966,0.22405706807254508,0.30575506267966535
0,0.559636917472558,0.17811353969393562,0.2622495428335065
0,0.2321375636346201,0.42536888667322176,0.3424935496921581
0,0.2734299130828319,0.19398143688006336,0.5325886500371048
0,0.1002068220995041,0.7459387624904862,0.15385441541000963
0,0.0692370079214676,0.3957919631734604,0.534971028905072
0,0.10093532657275098,0.6070140493210869,0.2920506241061621
0,0.0684916330901568,0.34399426405370753,0.5875141028561357
0,0.3799507857711825,0.4072254118449652,0.21282380238385237
0,0.3799532881773237,0.1019090137972681,0.5181376980254082
0,0.1475909766476103,0.6522086403238236,0.2002003830285662
0,0.41278817699145237,0.4466830845875445,0.14052873842100308
0,0.0790640143587534,0.6009970009618834,0.31993898467936327
0,0.18798820061103608,0.43144231047841497,0.380569488910549
0,0.2590241738687989,0.5003249879695074,0.2406508381616937
0,0.1547495073261971,0.5841483309858208,0.2611021616879821
0,0.081279110054789,0.5571836352996673,0.3615372546455437
0,0.2787124155562223,0.40045132555243823,0.3208362588913395
0,0.5707550126543511,0.12326639730724494,0.30597859003840394
0,0.09592173242877707,0.6081465642934563,0.2959317032777666
0,0.1450073771691695,0.48885818312342705,0.36613443970740345
0,0.1719990279769615,0.29520108779950827,0.5327998842235303
0,0.32433064907604064,0.3804298490092039,0.2952395019147554
0,0.33231199065223976,0.1333141640126723,0.534373845335088
0,0.37517571163320174,0.4235346162392796,0.20128967212751853
0,0.16932904834821527,0.4711814347478437,0.359489516903941
0,0.32615339968580576,0.3829268451480788,0.2909197551661155
0,0.1775150899448603,0.5970494609785936,0.22543544907654609
0,0.5932802782802369,0.1990123815274446,0.2077073401923186
0,0.36032707383737905,0.27082625527976995,0.36884667088285106
0,0.35024543990945217,0.4896388433706073,0.16011571671994052
0,0.19413279557794988,0.3885558047756615,0.41731139964638864
0,0.19854795619485097,0.598143330191589,0.2033087136135601
0,0.1274385185693749,0.6682314261777487,0.20433005525287656
0,0.17554132574822495,0.4447658226862863,0.3796928515654887
0,0.48638098773525923,0.3144617887431597,0.19915722352158105
0,0.37517147271504697,0.2342864349022265,0.3905420923827265
0,0.3845567699026519,0.33774928183308145,0.2776939482642666
0,0.29946083864339335,0.43572845713881136,0.2648107042177953
0,0.13597495617667044,0.292075251100547,0.5719497927227826
0,0.3279636795873649,0.30069869688714584,0.3713376235254892
0,0.5786402040039101,0.2545893770860568,0.1667704189100331
0,0.09202075433353765,0.08687609121403296,0.8211031544524294
0,0.13854904120707706,0.2209892645056345,0.6404616942872885
0,0.3764589230848449,0.3040529643311061,0.31948811258404897
0,0.07534068412861909,0.6947674948109949,0.22989182106038608
0,0.1235998833121713,0.45247395339107876,0.4239261632967499
0,0.8089271925089362,0.06457314742936326,0.1264996600617005
0,0.45575028049260136,0.16752321998996167,0.3767264995174369
0,0.4563330524214041,0.16443581301989763,0.3792311345586983
0,0.34606535049955667,0.3051327179018659,0.3488019315985775
0,0.5515128409114585,0.25610521053704927,0.19238194855149218
0,0.1849903878904016,0.30896924221138905,0.5060403698982093
0,0.17374527908397436,0.6769255730072815,0.149329147908744
0,0.3024508647301169,0.26501260564446455,0.4325365296254185
0,0.49398496507278666,0.22988477639900837,0.2761302585282049
0,0.2539335330104398,0.36355305721342557,0.3825134097761347
0,0.4174110003257441,0.344903640835815,0.23768535883844083
0,0.5276008221162136,0.3686649682930657,0.10373420959072065
0,0.29363518553897744,0.3376817553113405,0.36868305914968214
0,0.3442841811134521,0.2338607782460749,0.4218550406404731
0,0.1122190214212633,0.583914890358535,0.3038660882202017
0,0.13294893888866607,0.3687331158388747,0.49831794527245915
0,0.2922859607566224,0.4481686973001779,0.2595453419431997
0,0.35345732156921683,0.1667998927269849,0.4797427857037983
0,0.34339076278001207,0.28980909248321146,0.3668001447367765
0,0.6710769713613409,0.1002768818206657,0.2286461468179934
0,0.47541014907416274,0.3739013580725848,0.1506884928532524
0,0.3286927466869602,0.5983927403841842,0.07291451292885566
0,0.5300151780836059,0.26059947661039057,0.2093853453060036
0,0.16853365697369713,0.093049317480609,0.7384170255456939
0,0.4338278944117336,0.1885125536481882,0.37765955194007816
0,0.361219740634112,0.2946392468171029,0.34414101254878515
0,0.2708080880240452,0.2890864422603421,0.44010546971561276
0,0.23957851030790414,0.4074305297230068,0.35299095996908897
0,0.30938208134071016,0.21310399331245744,0.47751392534683246
0,0.4160142698440135,0.4149046183779081,0.1690811117780785
0,0.17696238489568275,0.1499713403510883,0.6730662747532289
0,0.4407154491271684,0.30674795156423756,0.252536599308594
0,0.2216113793943132,0.3423097486022096,0.4360788720034773
0,0.1379212297156632,0.37915352008373215,0.4829252502006046
0,0.14508979991849139,0.2721105138639721,0.5827996862175365
0,0.07927676540879941,0.5006128076600443,0.42011042693115624
0,0.11469705845469444,0.35935391916380854,0.525949022381497
0,0.20118573211154261,0.5413697348761813,0.25744453301227593
0,0.7866038008902931,0.11543461432437914,0.09796158478532785
0,0.2741153228729945,0.5318940876234503,0.19399058950355524
0,0.4894934299275136,0.28062795381050326,0.22987861626198314
0,0.08497758595135532,0.6385399629482362,0.2764824511004084
0,0.10070193132579262,0.745190705659338,0.15410736301486927
0,0.2501398415786222,0.5070755162635362,0.24278464215784154
0,0.402380147455008,0.4205597922342318,0.1770600603107601
0,0.5326479898562225,0.2409363171666929,0.22641569297708453
0,0.6088207350278584,0.14198743564099092,0.24919182933115067
0,0.2079631459293645,0.3723424772421973,0.41969437682843813
0,0.5844544795907053,0.20130083693489095,0.2142446834744037
0,0.20959539131140623,0.260303817304139,0.5301007913844548
0,0.3437339090808621,0.2698185783968037,0.38644751252233417
0,0.33968729401769765,0.2820330509062085,0.3782796550760939
0,0.47764899145646,0.05860429898512917,0.4637467095584109
0,0.16241803650703562,0.48541448003369614,0.3521674834592681
0,0.38755067917199065,0.18325588433279888,0.42919343649521047
0,0.15303135659094944,0.4755227131061129,0.3714459303029377
0,0.08003662477656055,0.540221009388451,0.3797423658349885
0,0.26225508479857945,0.3395587087669364,0.3981862064344842
0,0.1431650384938485,0.46416273199782987,0.39267222950832154
0,0.5119190633779658,0.3958739405278173,0.09220699609421688
0,0.17016653433198486,0.4497052189224592,0.38012824674555584
0,0.4005719938779325,0.4912691078394899,0.1081588982825775
0,0.15888733036131353,0.5223842815663794,0.31872838807230713
0,0.2781276621017014,0.32474890519944516,0.39712343269885336
0,0.5038467044897607,0.42748764367876274,0.06866565183147667
0,0.19942155950148202,0.6122414927570304,0.1883369477414876
0,0.15335863279323061,0.6779579347750803,0.1686834324316889
0,0.33126212450337167,0.38059404747139997,0.2881438280252284
0,0.3085859825840796,0.26702651196267535,0.42438750545324516
0,0.21459036326206893,0.38567050493844546,0.3997391317994856
0,0.34572252610115567,0.5327394050570667,0.12153806884177772
0,0.18504324124758456,0.21282987201329778,0.6021268867391177
0,0.5856846653649541,0.18971563973553895,0.22459969489950693
0,0.39972114810664305,0.268618393388139,0.33166045850521797
0,0.12033861502667871,0.5514665409191132,0.3281948440542082
0,0.2651999922780582,0.13508880896297468,0.5997111987589672
0,0.3773396271922253,0.45830919722885477,0.16435117557891984
0,0.242959275632678,0.22790037851962042,0.5291403458477016
0,0.088053401843269,0.22797397820575457,0.6839726199509765
0,0.1175013726163015,0.44457139069529905,0.4379272366883993
0,0.3289445388409041,0.28879001953767086,0.38226544162142506
0,0.13315964650760775,0.40905868144042656,0.4577816720519658
0,0.4618275028193526,0.1955678669216577,0.3426046302589897
0,0.06275922009829202,0.24231141542510798,0.6949293644765999
0,0.2878752457878016,0.312065577080528,0.40005917713167033
0,0.20630035255467283,0.4533258091564793,0.34037383828884776
0,0.15055009579886086,0.4491083173544021,0.400341586846737
0,0.31434325630338794,0.22015955693103448,0.46549718676557766
0,0.48606535015780844,0.23281610150137197,0.2811185483408197
0,0.7554017149034811,0.05879606143757431,0.18580222365894453
0,0.4645213197028158,0.3859711490703869,0.14950753122679739
0,0.30435922306115226,0.4228459507877292,0.2727948261511185
0,0.6448007278088765,0.24157332216527905,0.11362595002584447
0,0.30248283737550014,0.46872704537398374,0.22879011725051607
0,0.09587228766321529,0.427997794599174,0.4761299177376107
0,0.28931931392001714,0.3648057042502111,0.3458749818297718
0,0.25641239958103834,0.11562036069732864,0.627967239721633
0,0.3275018869795331,0.27771901276784505,0.3947791002526218
0,0.39361348720130274,0.4294849185030145,0.17690159429568283
0,0.41958919869970873,0.3851307115010967,0.19528008979919456
0,0.17488101661184105,0.37436264677910014,0.4507563366090588
0,0.2574064723237777,0.32990552396970446,0.41268800370651787
0,0.37494944552365356,0.23879676853991158,0.38625378593643495
0,0.24321798422403665,0.6378569640976303,0.11892505167833306
0,0.2585748019488002,0.17500938576869002,0.5664158122825097
0,0.3006606897106526,0.2809189355880766,0.4184203747012707
0,0.12641649637726415,0.49339438803200775,0.38018911559072815
0,0.3598601424455115,0.4104696299900529,0.2296702275644356
0,0.771829258563189,0.15931341940337806,0.06885732203343295
0,0.1477818736618739,0.4436353192295732,0.4085828071085529
0,0.27387818595160246,0.405197175869824,0.3209246381785735
0,0.2618471190396154,0.5897854440670303,0.14836743689335433
0,0.20391967842405265,0.29719972483872636,0.4988805967372209
0,0.3698157078647082,0.3591051561526143,0.2710791359826775
0,0.2649516907569565,0.3486437932104505,0.3864045160325929
0,0.31179396610993926,0.48478565560068065,0.2034203782893801
0,0.4533010216220158,0.34603229544114095,0.20066668293684317
0,0.17912117155676696,0.10657695882737438,0.7143018696158586
0,0.4382644829725256,0.20277450532115174,0.35896101170632255
0,0.2788791128736207,0.24957962906696285,0.4715412580594164
0,0.8663812305847075,0.04839189205536022,0.08522687735993217
0,0.18159707251246668,0.7261594794503622,0.09224344803717112
0,0.3337560040870875,0.5326924091826376,0.13355158673027492
0,0.4111370555148651,0.24796507015648284,0.34089787432865215
0,0.4642283450887737,0.21503699367834522,0.32073466123288125
0,0.41004697086730907,0.16321161819662744,0.42674141093606344
0,0.11601498496856141,0.5093335907033604,0.3746514243280783
0,0.42401728143837447,0.22310399469207426,0.35287872386955127
0,0.3217383015976183,0.4902896579145581,0.1879720404878236
0,0.12314633706923062,0.6036663678084031,0.2731872951223663
0,0.3932856847385041,0.19647030900183238,0.4102440062596635
0,0.2548267994903881,0.529862181914696,0.21531101859491583
0,0.05234569676148172,0.8231459019384373,0.12450840130008081
0,0.16830846493133017,0.26122187601120417,0.5704696590574657
0,0.45636256356953797,0.4262295728720139,0.11740786355844811
0,0.11204865222172798,0.7154953729901065,0.1724559747881657
0,0.5799549249544697,0.2454434608882174,0.17460161415731298
0,0.05842066355342059,0.6603343942791772,0.28124494216740226
0,0.23888073600548693,0.4107010313608193,0.35041823263369376
0,0.15847738685599974,0.6428356375305438,0.19868697561345636
0,0.30891211479543257,0.3438317430870075,0.34725614211756
0,0.453295328229232,0.3326138869308346,0.21409078483993346
0,0.5410343309558395,0.2283350955885981,0.23063057345556226
0,0.15716080692523107,0.4680941611898171,0.3747450318849519
0,0.5858321117908074,0.18004665273266943,0.23412123547652328
0,0.5466601761003791,0.15942100168060488,0.29391882221901605
0,0.1505948238058394,0.5829701917108001,0.26643498448336045
0,0.2754576695622966,0.1696951700554267,0.5548471603822767
0,0.2625075475452741,0.44652874302434864,0.29096370943037736
0,0.16399027438465383,0.34912505691994344,0.48688466869540276
0,0.33637324457817513,0.2570959693414136,0.4065307860804112
0,0.4375605349319346,0.3067676974755893,0.2556717675924761
0,0.15829695687782724,0.3745468179854332,0.46715622513673966
0,0.1529315927601292,0.3692940780607757,0.47777432917909507
0,0.28587245296857206,0.4731739352186632,0.2409536118127648
0,0.29254255893499825,0.18999378996346708,0.5174636511015347
0,0.2578816368044546,0.4501012645321021,0.2920170986634433
0,0.040023711432416155,0.8527361625811737,0.10724012598641008
0,0.14316429099615463,0.47271817774647135,0.384117531257374
0,0.41996794747682853,0.25760724040976696,0.3224248121134047
0,0.24565207133813025,0.29532421281086735,0.4590237158510025
0,0.2563202118298422,0.24150290193869256,0.5021768862314653
0,0.5004358027662885,0.1555237621387985,0.344040435094913
0,0.0728674728651058,0.20195685516738326,0.725175671967511
0,0.10104785393695717,0.5361659086840496,0.36278623737899324
0,0.09455251474237594,0.6692378777960007,0.23620960746162337
0,0.10772479297550193,0.7449918831181533,0.14728332390634474
0,0.24901933012892147,0.5303550028289742,0.22062566704210437
0,0.23130813822309196,0.45480575603336393,0.3138861057435442
0,0.5367419542502717,0.23497049639287051,0.22828754935685783
0,0.440262394289912,0.4067540916309822,0.15298351407910593
0,0.09327886565987437,0.7443689049306285,0.16235222940949717
0,0.11014361981791974,0.5140374601363564,0.3758189200457238
0,0.3826732381522882,0.42660978844377523,0.19071697340393653
0,0.16721451695081438,0.5429087309748248,0.2898767520743607
0,0.740647654697106,0.1134991051846592,0.14585324011823492
0,0.3224126158888692,0.18135987327982017,0.4962275108313107
0,0.3521473986387397,0.5477435912974323,0.1001090100638279
0,0.14514937514458995,0.3488498885319321,0.506000736323478
0,0.12888840769640555,0.4425853555029325,0.4285262368006621
0,0.1084679995758754,0.488782589194161,0.40274941122996355
0,0.5574828633837188,0.15620454567137151,0.2863125909449096
0,0.49550855598138804,0.22799816353827132,0.2764932804803407
0,0.4713853955222718,0.16518783664305667,0.36342676783467165
0,0.35498876714953886,0.2536125298855368,0.3913987029649243
0,0.2657116534474442,0.4222372728569849,0.31205107369557084
0,0.7616116088467715,0.08647718977204168,0.15191120138118686
0,0.378707603424527,0.4277306253197447,0.19356177125572835
0,0.4641347180253562,0.2092668726978558,0.32659840927678796
0,0.3380576133707645,0.18705247553062887,0.47488991109860673
0,0.29609932868323485,0.19827181434240357,0.5056288569743617
0,0.7026802591994877,0.20625942250570417,0.09106031829480814
0,0.543628505900256,0.22327447230423175,0.23309702179551228
0,0.5065030209267538,0.2978810093076585,0.1956159697655877
0,0.13054552539191694,0.4490305734273017,0.4204239011807814
0,0.20055853565381954,0.20660839895886332,0.5928330653873172
0,0.22273505319366896,0.5789196740417115,0.1983452727646195
0,0.1639846240361052,0.6817470891713938,0.15426828679250099
0,0.5362954153978962,0.2591666953447039,0.20453788925740005
0,0.08854529514951665,0.41747575291749617,0.4939789519329873
0,0.09977600957010481,0.6262861024741955,0.2739378879556996
0,0.2588294887719489,0.37052248308516583,0.3706480281428852
0,0.2049494859841398,0.2864415470251204,0.5086089669907398
0,0.29616224258017787,0.535354786838832,0.16848297058099013
0,0.3312304710404223,0.3302366435977696,0.3385328853618081
0,0.3380927367773688,0.44355365138940606,0.21835361183322505
0,0.06699562288488792,0.3083341540167312,0.6246702230983808
0,0.08081117780150997,0.6543899303533324,0.26479889184515754
0,0.16826667866789824,0.511904839300795,0.3198284820313067
0,0.1721198045654876,0.5901739377146564,0.23770625771985596
0,0.2445773742667575,0.40018375112303844,0.35523887461020404
0,0.07986006086628111,0.19961337803557375,0.7205265610981452
0,0.1585422745141123,0.38713153511774123,0.4543261903681465
0,0.45128436474706435,0.30027331594073975,0.2484423193121958
0,0.11553770335158445,0.3600903737636638,0.5243719228847518
0,0.35044218684438,0.2591429193111582,0.3904148938444619
0,0.3910532844593245,0.24633574650861648,0.3626109690320589
0,0.24613423609039176,0.2036024258561791,0.5502633380534292
0,0.28229631954972795,0.47526228992805697,0.24244139052221506
0,0.25880847657761696,0.35241170790299764,0.3887798155193854
0,0.14149314549376626,0.3851588856182141,0.4733479688880197
0,0.5435472874934508,0.2620799626407247,0.19437274986582445
0,0.19225742522293998,0.34325694658529704,0.46448562819176287
0,0.2581715536487763,0.5029853035117307,0.238843142839493
0,0.4961705348696884,0.3981118639937447,0.10571760113656704
0,0.09353382993223819,0.7839691550463435,0.12249701502141828
0,0.44695146083799936,0.3126701693819901,0.24037836978001065
0,0.3523924796724646,0.423504340212014,0.22410318011552147
0,0.2842730992761601,0.19191435297591938,0.5238125477479205
0,0.12625356825810716,0.5990537710101879,0.274692660731705
0,0.6292618456170274,0.117649851741053,0.2530883026419197
0,0.30488401847417135,0.3007832528954697,0.3943327286303589
0,0.35878754294719006,0.24864769263677908,0.3925647644160309
0,0.12267285173722713,0.624458729892815,0.2528684183699578
0,0.2917688934330379,0.20153552907889738,0.5066955774880647
0,0.3249178478886902,0.44765240157906694,0.22742975053224274
0,0.2495869555871072,0.6791243113636161,0.07128873304927691
0,0.32017573229872,0.31596082024223676,0.36386344745904325
0,0.41986804199159755,0.4172964923414264,0.16283546566697596
0,0.2981130851839466,0.26675579251147474,0.43513112230457873
0,0.27721617965204115,0.2578340869898276,0.4649497333581313
0,0.5456790265171184,0.23679198855330078,0.21752898492958095
0,0.37514323869763755,0.29491162520838704,0.3299451360939754
0,0.24201663059723247,0.42758431042159273,0.3303990589811747
0,0.38262580972514887,0.3982106886747409,0.21916350160011022
0,0.19470384248904965,0.4653442679507812,0.3399518895601692
0,0.11380520182383799,0.32279595808005507,0.563398840096107
0,0.3563902889912681,0.054003906879317755,0.5896058041294141
0,0.19931928537387844,0.34336847693608025,0.45731223769004126
0,0.124655735680528,0.17832126785055777,0.6970229964689143
0,0.48314965436278035,0.3588960329350291,0.15795431270219049
0,0.12486621365608871,0.2549235790719149,0.6202102072719965
0,0.13255153717634482,0.31050669760234634,0.5569417652213089
0,0.16769368365593826,0.4777932719528875,0.3545130443911743
0,0.2600681530844548,0.3643001279766216,0.37563171893892366
0,0.2999114375317382,0.21383915636571532,0.4862494061025465
0,0.23804726613673124,0.17018254511207465,0.5917701887511941
0,0.42234172409305715,0.3228267753931738,0.2548315005137691
0,0.5328399182049538,0.2885037415839259,0.1786563402111203
0,0.5655662101156339,0.2653441296148934,0.16908966026947272
0,0.21241971113094146,0.3025344314440117,0.48504585742504674
0,0.48235918814238726,0.23478733988697603,0.2828534719706366
0,0.47070371524329574,0.18579374204702867,0.3435025427096757
0,0.30997670618529166,0.3365596877500456,0.35346360606466276
0,0.32506320907675884,0.3697606102036019,0.30517618071963926
0,0.26195130294883795,0.20162655856303974,0.5364221384881224
0,0.4019515937780468,0.33648910162016704,0.2615593046017861
0,0.5386956151583862,0.2869713758448392,0.17433300899677465
0,0.1724944127162947,0.6394302463837465,0.18807534089995875
0,0.5309730633536437,0.2006913923921304,0.2683355442542259
0,0.28750134984743525,0.30026889363634507,0.41222975651621974
0,0.3261077944561732,0.3378243048137016,0.33606790073012516
0,0.2657496098093772,0.36731420798672626,0.3669361822038967
0,0.2750107368886095,0.23621318835011373,0.4887760747612768
0,0.24608718774741778,0.4881090259520558,0.26580378630052637
0,0.38342649551363744,0.4706209913421829,0.14595251314417967
0,0.24128054269259752,0.44264992978361695,0.31606952752378553
0,0.7329900401613584,0.08689640305137529,0.18011355678726637
0,0.3465802956302322,0.2668055763666455,0.38661412800312234
0,0.40186235712638174,0.35227106431231053,0.24586657856130764
0,0.5048281534281289,0.10568355146385568,0.3894882951080153
0,0.351478432515002,0.2656525171460224,0.38286905033897567
0,0.11615643260589914,0.6296809891478228,0.2541625782462781
0,0.050800103418708935,0.6920383087404576,0.2571615878408333
0,0.17829008808869712,0.3932549228442583,0.42845498906704454
0,0.11831651211775929,0.6248549249902681,0.2568285628919727
0,0.12146237116555557,0.1137118071701136,0.7648258216643309
0,0.24527591425798845,0.3954622267111932,0.35926185903081836
0,0.05599854617690577,0.6551958756456251,0.2888055781774692
0,0.2515480967125504,0.30970101199647376,0.43875089129097594
0,0.359065321453299,0.3751928400573464,0.2657418384893546
0,0.28721156345652077,0.466132656730365,0.24665577981311407
0,0.4393077672720246,0.13375273023361958,0.4269395024943557
0,0.37062946806237296,0.31662754612278043,0.31274298581484666
0,0.13416779020774997,0.8190869886112799,0.046745221180970145
0,0.25811814144264195,0.5814597106146877,0.1604221479426704
0,0.3840599826105319,0.48314498377250403,0.13279503361696401
0,0.4077710731933017,0.25269540724330525,0.33953351956339295
0,0.7519954947868007,0.05904647889985115,0.18895802631334827
0,0.27725868283056004,0.3962593052335647,0.32648201193587534
0,0.6765392992037663,0.18056047686982588,0.14290022392640778
0,0.1340247977864656,0.1690246698791284,0.696950532334406
0,0.1496256150632573,0.3859065272885287,0.4644678576482139
0,0.5724359556114429,0.1777614665824337,0.24980257780612353
0,0.16694540521724321,0.6772490600223814,0.15580553476037537
0,0.30013799024312593,0.36280856509489584,0.3370534446619783
0,0.5509374619195582,0.27141557863171395,0.17764695944872783
0,0.11034783802367643,0.35324373721097824,0.5364084247653453
0,0.5596504346290062,0.3752255989341838,0.06512396643681001
0,0.1821702113248601,0.2171290505666357,0.6007007381085041
0,0.09168363384847979,0.3059406003480089,0.6023757658035113
0,0.14855645186538033,0.42711938041166037,0.42432416772295933
0,0.3700552194218711,0.2689205952032599,0.36102418537486897
0,0.11932041340146904,0.2776735514126609,0.60300603518587
0,0.403990050094796,0.35182586835733104,0.244184081547873
0,0.44831807248036193,0.14154229545847777,0.4101396320611603
0,0.12320138051545841,0.3264041129075139,0.5503945065770277
0,0.2883669956720128,0.3952751868389268,0.31635781748906033
0,0.1712472709354801,0.1399491396843671,0.6888035893801527
0,0.2184072743117937,0.23166800922098538,0.549924716467221
0,0.39371001634248737,0.3774194910797525,0.2288704925777601
0,0.44127250845413496,0.16180725753896844,0.3969202340068966
0,0.7043264071010346,0.16827715361035017,0.12739643928861535
0,0.30348600180782875,0.3019344648634052,0.3945795333287661
0,0.2822988545269357,0.2746266075165543,0.44307453795651003
0,0.4918721959176996,0.10699857802384462,0.40112922605845575
0,0.6726987212329132,0.11959439947578192,0.20770687929130482
0,0.8756658681225811,0.03843059735702705,0.08590353452039201
0,0.3342212484849902,0.38149292341209207,0.2842858281029177
0,0.4174571746188317,0.09272757609039188,0.4898152492907764
0,0.41241763971928985,0.26917477009233237,0.31840759018837766
0,0.3915938936326657,0.4224451880297267,0.18596091833760753
0,0.15499684017697507,0.540726758934798,0.30427640088822683
0,0.29624982361700897,0.4097483243056586,0.2940018520773324
0,0.22247396168820077,0.44807437275132406,0.3294516655604752
0,0.300345396057658,0.08257486188939069,0.6170797420529512
0,0.39931763653638014,0.18081837168517412,0.41986399177844574
0,0.361221931356594,0.20164158230550208,0.43713648633790403
0,0.20298456179262048,0.5243567328193754,0.2726587053880041
0,0.16256336268721633,0.34153039110772065,0.495906246205063
0,0.15121522051955605,0.1337433173310145,0.7150414621494295
0,0.13337767656499555,0.131164648846894,0.7354576745881105
0,0.34298537889505953,0.176462623874675,0.4805519972302654
0,0.465596095129519,0.16750687271765483,0.36689703215282615
0,0.22562436781962583,0.4490213329380439,0.32535429924233034
0,0.2185687970163035,0.37884067703136126,0.40259052595233524
0,0.2965831981861316,0.18391057544496026,0.5195062263689081
0,0.28381530155571566,0.3990756666675627,0.3171090317767217
0,0.13983990520300724,0.46882067326069,0.39133942153630275
0,0.46014493870682116,0.2515954933181386,0.28825956797504027
0,0.16267762566451988,0.5466151194743498,0.29070725486113025
0,0.1776633360259946,0.6092018417624514,0.213134822211554
0,0.17686969059298085,0.3149772269048125,0.5081530825022066
0,0.16412696665161178,0.2971519406165925,0.5387210927317958
0,0.3175762814971503,0.5107244464817241,0.17169927202112562
0,0.4428913670043916,0.2572320559012449,0.29987657709436366
0,0.3411498502353867,0.2482500753100526,0.41060007445456076
0,0.16590910331456962,0.6704737528740444,0.16361714381138592
0,0.2387101304305654,0.5061147214861782,0.2551751480832565
0,0.14556378619334748,0.6445198526797855,0.20991636112686715
0,0.4210839592077863,0.2841913015883588,0.2947247392038549
0,0.33187757023036796,0.2796247960605018,0.3884976337091302
0,0.29079305394104793,0.39506639638406443,0.3141405496748877
0,0.15434942772308596,0.19345075232821743,0.6521998199486967
0,0.02995945381110207,0.9256866238458129,0.04435392234308485
0,0.20266383596102158,0.6662912701430455,0.13104489389593296
0,0.4408129621775818,0.2235513197656489,0.3356357180567693
0,0.25671837515136503,0.33710577250067275,0.4061758523479622
0,0.056329331140253194,0.16250835272400763,0.781162316135739
0,0.2535766899466703,0.6224546105418577,0.12396869951147207
0,0.2792149906448904,0.4901212673562615,0.23066374199884793
0,0.12775123414815542,0.2070224016273508,0.6652263642244938
0,0.1336711125052135,0.4002118152038439,0.4661170722909427
0,0.2844160882498232,0.24530766828488382,0.4702762434652929
0,0.4163056753355094,0.14306380574738603,0.4406305189171047
0,0.3116479707308278,0.4805650078593271,0.20778702140984512
0,0.16912441469946227,0.6173911310347028,0.21348445426583498
0,0.2759819499041804,0.22791664749245247,0.49610140260336716
0,0.46003336484510143,0.40060006675901594,0.13936656839588274
0,0.42506579720433535,0.21836353099415104,0.35657067180151364
0,0.38845323672463233,0.21056839807346261,0.4009783652019051
0,0.2188430927255676,0.3926012021152435,0.3885557051591889
0,0.2793465714584002,0.48912835377178426,0.23152507476981557
0,0.4897699361055398,0.21333599346118085,0.29689407043327926
0,0.23909664212160944,0.2298359231433715,0.531067434735019
0,0.4301451868986788,0.2860920053161666,0.2837628077851546
0,0.0843549890883296,0.6034056135617852,0.3122393973498852
0,0.3688966409217828,0.20854400971946374,0.42255934935875344
0,0.5739598447795422,0.1550925860898509,0.2709475691306068
0,0.42020513126030606,0.45100759829988757,0.12878727043980634
0,0.15329270180543017,0.4647678424093121,0.3819394557852576
0,0.1413500210933891,0.3081560981069809,0.55049388079963
0,0.3005197836774835,0.2406097298909247,0.45887048643159173
0,0.4210167472026547,0.3242405810874285,0.2547426717099168
0,0.3127370647667061,0.32451865113233336,0.36274428410096055
0,0.25723149576033555,0.27350168844899236,0.46926681579067214
0,0.20459367828132774,0.6079702846174234,0.18743603710124881
0,0.13408463548100397,0.35997172532398,0.5059436391950161
0,0.28481651798247565,0.14477491948085935,0.570408562536665
0,0.1864802473428575,0.3770583756361748,0.4364613770209677
0,0.16360820405980345,0.4750767171198658,0.3613150788203307
0,0.2954698608573351,0.24765028341060671,0.45687985573205825
0,0.30643735891808216,0.2901607470002583,0.40340189408165944
0,0.38791670519162424,0.5120178367074926,0.1000654581008832
0,0.16831245381994175,0.573666282119128,0.25802126406093034
0,0.2746958628386548,0.32305611291299413,0.402248024248351
0,0.17084566232955184,0.4475974521312307,0.3815568855392175
0,0.6044079025498484,0.23296864920495935,0.16262344824519212
0,0.30946615033519576,0.2479373450225321,0.4425965046422721
0,0.3001668736421009,0.4480962131479265,0.2517369132099726
0,0.5469237440100596,0.09659613039409722,0.35648012559584324
0,0.32209978459204974,0.415341305452025,0.2625589099559253
0,0.28075756343390557,0.25000578926639194,0.4692366472997025
0,0.07319724980294577,0.2264045829684691,0.7003981672285851
0,0.45990461955677703,0.1356809346691654,0.4044144457740575
0,0.2184500573732064,0.1224173392086961,0.6591326034180974
0,0.4288680668121956,0.3692935980240627,0.20183833516374175
0,0.4457877561599815,0.18965418841442144,0.36455805542559716
0,0.16696743212855963,0.20517017209877833,0.6278623957726621
0,0.2184279881365005,0.3491392656899695,0.43243274617353006
0,0.1979894677506465,0.5487977299926812,0.25321280225667225
0,0.09714183781842234,0.8531871663450521,0.049670995836525594
0,0.11957460984414243,0.43411620765440734,0.44630918250145024
0,0.699491070670432,0.18236521189258417,0.11814371743698374
0,0.42865282205027466,0.297266898699735,0.2740802792499903
0,0.7063290655456141,0.17451759758868884,0.11915333686569705
0,0.16510000173255596,0.37172432981787007,0.4631756684495739
0,0.4929201530775189,0.2677665494816513,0.23931329744082974
0,0.16237746087096433,0.23590585360757607,0.6017166855214596
0,0.3009346600864195,0.19360907786682421,0.5054562620467562
0,0.36428481584728245,0.5471313804875575,0.08858380366516001
0,0.445778825228037,0.39878570030295823,0.15543547446900463
0,0.08786156814966903,0.46292602075237077,0.4492124110979601
0,0.4941521210358123,0.19189487570323027,0.3139530032609576
0,0.5671349872430427,0.23378283801757413,0.19908217473938317
0,0.5342821764788356,0.26039037474440785,0.20532744877675663
0,0.2993608942603145,0.43172849357313897,0.26891061216654666
0,0.03571254455053786,0.775094489319866,0.18919296612959613
0,0.857577535573447,0.06344463420713885,0.07897783021941415
0,0.1761428258512441,0.574004996207335,0.24985217794142087
0,0.32310737362270286,0.1755948751785177,0.5012977511987794
0,0.17082846606065435,0.1973856132248995,0.6317859207144461
0,0.10768393361734277,0.6720888565422525,0.22022720984040484
0,0.21243280702555745,0.2688398477445686,0.5187273452298741
0,0.19260572030292497,0.7264025788280227,0.08099170086905222
0,0.171106138938462,0.611275443780563,0.21761841728097495
0,0.2118199383045895,0.36097137194547546,0.42720868974993503
0,0.2914030182020893,0.5054374199560102,0.20315956184190048
0,0.3002336905068124,0.4349146619995109,0.2648516474936767
0,0.4071973811768345,0.2274920100424696,0.3653106087806958
0,0.4073622804784712,0.18392425740826215,0.40871346211326665
0,0.2059727630670634,0.6166181621942413,0.17740907473869533
