target,prediction_VL_01,prediction_VL_02,prediction_VL_03
0,0.11631376688892389,0.6521183997789333,0.2315678333321429
0,0.2233269420536298,0.31841593348576874,0.45825712446060146
0,0.20760813064152098,0.5847725053645232,0.20761936399395586
0,0.23898583298636766,0.5768047322240252,0.18420943478960716
0,0.32417103291387256,0.2784518554946836,0.39737711159144395
0,0.08978535585190431,0.2923128055552593,0.6179018385928364
0,0.16257824962859949,0.46486627288527094,0.37255547748612966
0,0.24842151923378214,0.3614922486333793,0.3900862321328385
0,0.45843904870188923,0.2887146523451233,0.25284629895298744
0,0.18332670169291512,0.5643767370196493,0.25229656128743566
0,0.06661427750348456,0.7707835944788304,0.16260212801768517
0,0.17715064740907635,0.3509398125506511,0.4719095400402726
0,0.08311930808375827,0.44734745932443526,0.4695332325918065
0,0.19949473422876396,0.5907932389561773,0.20971202681505874
0,0.13442943198217736,0.7119971748789847,0.15357339313883808
0,0.10130594573794863,0.6337881150341178,0.26490593922793354
0,0.1076779684679074,0.3687234129404834,0.5235986185916093
0,0.4010308264254216,0.3770885778303261,0.22188059574425234
0,0.09509362372387227,0.5160479530493359,0.38885842322679176
0,0.20191910889552897,0.387176961831114,0.41090392927335706
0,0.07964869168430078,0.4305664064123071,0.489784901903392
0,0.20285423967419852,0.19724419212710412,0.5999015681986973
0,0.16623371980926946,0.2186595320223948,0.6151067481683358
0,0.27054845095262703,0.4116837020666167,0.3177678469807562
0,0.21304757754313255,0.08324199899285008,0.7037104234640174
0,0.35848745501852336,0.26450273220728215,0.3770098127741946
0,0.1809565465353046,0.2049765664890447,0.6140668869756507
0,0.5643675226607185,0.19043295012803765,0.24519952721124377
0,0.2178374585516903,0.598325587546121,0.18383695390218882
0,0.6493863608077812,0.1860157540699283,0.16459788512229045
0,0.35198141296672275,0.2938778154438447,0.3541407715894326
0,0.345837557093368,0.3988802833825011,0.25528215952413097
0,0.4687838988675114,0.2995673452732385,0.23164875585925018
0,0.608480541405103,0.182023230019879,0.209496228575018
0,0.44699252249598126,0.2728398333913026,0.2801676441127161
0,0.5353024036086904,0.23027494426395184,0.2344226521273576
0,0.5210261504493867,0.1554153681941071,0.3235584813565062
0,0.6075897454039159,0.2765535664381409,0.1158566881579432
0,0.402584399804157,0.33102228275866785,0.2663933174371751
0,0.3314320469001252,0.5109846029403307,0.1575833501595442
0,0.5586426549289162,0.3311061050608574,0.1102512400102265
0,0.5209366732541791,0.27027289679300504,0.20879042995281571
0,0.48805401911939317,0.3538249291026607,0.15812105177794614
0,0.4589184955972631,0.33197045790999935,0.20911104649273757
0,0.8144828333148728,0.08767984480931587,0.0978373218758114
0,0.13532791946215986,0.2993514908325708,0.5653205897052693
0,0.841868331537091,0.09141159286757497,0.06672007559533402
0,0.5600145326431026,0.2156910438999152,0.22429442345698214
0,0.6821892151219132,0.16551131993984317,0.15229946493824364
0,0.22067691939309061,0.5383296208028688,0.24099345980404058
0,0.5374347967862967,0.19527580894668314,0.2672893942670201
0,0.7374004065748734,0.13840756848628585,0.12419202493884074
0,0.204983966119565,0.2766171748181377,0.5183988590622973
0,0.3241233296696484,0.18228739959048884,0.49358927073986286
0,0.3227897969466957,0.3286261947568319,0.34858400829647235
0,0.4145881588299452,0.13506897026681158,0.45034287090324326
0,0.20441727293816442,0.38985004062210254,0.4057326864397331
0,0.10099911796117113,0.4471161223536712,0.45188475968515773
0,0.37757238711957664,0.19996048125670135,0.42246713162372196
0,0.08525822295325353,0.8208266134301949,0.0939151636165516
0,0.20707978680969988,0.43392317245509854,0.3589970407352015
0,0.1470551122644055,0.42541596459491593,0.42752892314067864
0,0.15475616547215437,0.2723635383528083,0.5728802961750373
0,0.41958296042620935,0.3115522145492696,0.2688648250245209
0,0.4152696261117239,0.2933422990518011,0.29138807483647494
0,0.33008139605111625,0.4101115287187847,0.25980707523009905
0,0.19556310000762003,0.6266043537427024,0.17783254624967748
0,0.21452346835037964,0.46349827236874996,0.3219782592808703
0,0.23596916935316728,0.11440939241644855,0.6496214382303841
0,0.24364147795987326,0.5234001135939225,0.2329584084462043
0,0.6219981508883096,0.1920107063089248,0.18599114280276569
0,0.5728057943616968,0.33360685855129407,0.09358734708700911
0,0.5199328100042797,0.301167468179054,0.17889972181666633
0,0.4306037496589533,0.17335848193549314,0.3960377684055535
0,0.3857520353772215,0.39067762872194717,0.2235703359008313
0,0.47351203850334606,0.4039795347929226,0.1225084267037313
0,0.25455543340177517,0.27306759378677536,0.4723769728114494
0,0.13761787948841747,0.4561569128083046,0.4062252077032778
0,0.12446750656960827,0.46308809205129814,0.41244440137909355
0,0.5587271068113072,0.14197848053762563,0.29929441265106704
0,0.4839912325174626,0.1439044988887439,0.37210426859379353
0,0.36164759010643316,0.40581292228202037,0.23253948761154652
0,0.32220372370905837,0.2608964519933186,0.41689982429762296
0,0.6740867329475072,0.16847797244839421,0.1574352946040987
0,0.5752422443610314,0.1886948992078641,0.2360628564311044
0,0.3999339634806035,0.22844357583870667,0.3716224606806898
0,0.42259796705135905,0.41569949812224793,0.16170253482639294
0,0.15697255239316343,0.7102336367317157,0.1327938108751209
0,0.16868142251628973,0.6916141780171637,0.13970439946654656
0,0.19359694732322683,0.4770822730301171,0.3293207796466561
0,0.20507074607377532,0.4741652103179517,0.320764043608273
0,0.12031156166821479,0.5473436829513626,0.3323447553804225
0,0.11628575065669491,0.5446971833572193,0.3390170659860858
0,0.12293390898306317,0.4803680781826709,0.3966980128342659
0,0.10138345428012592,0.23029948919350435,0.6683170565263699
0,0.45613241250287023,0.12087248253963008,0.4229951049574997
0,0.1692242397559021,0.13640840561535333,0.6943673546287444
0,0.1997022260636467,0.3058052904796124,0.4944924834567409
0,0.3566055142525069,0.23116955701207711,0.41222492873541594
0,0.21210248223902786,0.42724797974471407,0.36064953801625804
0,0.3676134086093341,0.3258079693646513,0.30657862202601455
0,0.15629420469870334,0.55217405876117,0.29153173654012665
0,0.6637937761526796,0.20575933906495553,0.13044688478236482
0,0.5026558132845764,0.2688928540027598,0.22845133271266388
0,0.09133698394349175,0.2335701974543208,0.6750928186021875
0,0.23826824524002366,0.21486290918267686,0.5468688455772994
0,0.07442360222664965,0.6941333379687682,0.23144305980458207
0,0.24006662984920782,0.29595546974574977,0.4639779004050424
0,0.2060203949041272,0.21180722172872707,0.5821723833671457
0,0.253316441267461,0.30356352590967295,0.443120032822866
0,0.3474836465200071,0.3898239377536778,0.2626924157263151
0,0.44343569445476516,0.3864976343030139,0.170066671242221
0,0.14489729953269215,0.22593910055187308,0.6291635999154347
0,0.2194812728875155,0.13314384600872436,0.6473748811037601
0,0.11338818617433395,0.3991313443743312,0.48748046945133483
0,0.3961238718487188,0.32314822344767025,0.2807279047036108
0,0.4520878164433552,0.1511072523213377,0.39680493123530713
0,0.6647033734167881,0.15480928286101212,0.18048734372219963
0,0.3218592438242996,0.4307210595388547,0.24741969663684582
0,0.264385560170951,0.5247972668050251,0.21081717302402378
0,0.23273140045717117,0.4733577410514501,0.29391085849137877
0,0.2759488305417723,0.42944245007895304,0.2946087193792747
0,0.2654224273931689,0.3473113761951705,0.38726619641166055
0,0.4568861680224882,0.35874553947410787,0.1843682925034039
0,0.6525399220666316,0.10906327451062801,0.23839680342274025
0,0.42659110694799507,0.20358403706454167,0.3698248559874632
0,0.060810218283774864,0.5865169206873297,0.35267286102889533
0,0.36556571013613043,0.1865156695141007,0.44791862034976887
0,0.11267777573919789,0.3586571205420131,0.5286651037187889
0,0.2369217309738201,0.3598386744253777,0.4032395946008023
0,0.4612597799991495,0.3193139468422625,0.219426273158588
0,0.26144238506141726,0.24987475663390515,0.4886828583046776
0,0.378089995991644,0.38705624130593386,0.2348537627024221
0,0.07904835698447163,0.2010076382982518,0.7199440047172766
0,0.1198717839417036,0.24089436562439942,0.6392338504338969
0,0.17797287678230544,0.41216520892298353,0.4098619142947111
0,0.1965637006517283,0.3210197160710618,0.48241658327720993
0,0.5482566202266822,0.295241748985153,0.15650163078816476
0,0.2589901800575457,0.5343704012494801,0.2066394186929741
0,0.25024754198104715,0.27468399303970903,0.47506846497924377
0,0.1506436751831828,0.46222704970167783,0.3871292751151393
0,0.24708446217303445,0.46723585478471136,0.28567968304225433
0,0.1734329312720603,0.17228080427040512,0.6542862644575346
0,0.37999541487695104,0.2599465262061342,0.3600580589169148
0,0.15720739933111785,0.6284124689604711,0.214380131708411
0,0.47098219328930196,0.2790984642568059,0.2499193424538921
0,0.15832851504028353,0.6215259167734476,0.2201455681862689
0,0.046953254316887905,0.6539740632922243,0.2990726823908878
0,0.17612740596883614,0.39347256834951083,0.43040002568165303
0,0.12791763596108927,0.1574972319204262,0.7145851321184846
0,0.21673383538111154,0.23363161187081172,0.5496345527480767
0,0.054761396037377126,0.7076053367094346,0.23763326725318837
0,0.3055152921528078,0.15794682580306568,0.5365378820441264
0,0.26305160035798814,0.24893269477855628,0.4880157048634557
0,0.28503241710965954,0.28434839997091144,0.4306191829194291
0,0.5518940377250162,0.19821844551055676,0.24988751676442691
0,0.22712607673230914,0.4354684953455995,0.3374054279220914
0,0.2499861458454455,0.6166082977527658,0.13340555640178864
0,0.2090614015705812,0.6051662109971838,0.18577238743223498
0,0.3643016877853696,0.3927678460832413,0.2429304661313891
0,0.4206352885484814,0.20407676370997335,0.3752879477415453
0,0.45170934108408795,0.2985731312129206,0.24971752770299135
0,0.2998297957204716,0.322765158027021,0.3774050462525075
0,0.25308217417434464,0.2798012838796281,0.4671165419460272
0,0.4302455595511444,0.3585885940323851,0.21116584641647043
0,0.6762117824598242,0.11560020354940534,0.20818801399077047
0,0.23311428101528833,0.46453561693451534,0.3023501020501964
0,0.1721896355590488,0.162026697516574,0.6657836669243773
0,0.13986009563184018,0.6907112244403705,0.16942867992778923
0,0.11935923835405486,0.3182238450803698,0.5624169165655752
0,0.13915142038502396,0.6771138491318207,0.1837347304831553
0,0.04170655886571463,0.2522282411842211,0.7060651999500643
0,0.4094523293311437,0.36697950127021384,0.22356816939864252
0,0.24277176436448122,0.16557121904763294,0.5916570165878857
0,0.12058941567395877,0.649411520599735,0.22999906372630616
0,0.3759871728692305,0.40903857519912845,0.21497425193164119
0,0.22741164414694107,0.4847404701515823,0.28784788570147685
0,0.26265197040924654,0.38331024056731017,0.35403778902344335
0,0.3075342302741273,0.47378408360369695,0.21868168612217573
0,0.17717233888937922,0.46409216341019077,0.3587354977004299
0,0.09424575441621648,0.3319323596178917,0.5738218859658918
0,0.31396030984829193,0.43716891347780146,0.24887077667390653
0,0.5627355708738608,0.13198352863501886,0.3052809004911202
0,0.12307565640375308,0.5520887822616467,0.32483556133460006
0,0.1979135419768477,0.29825347077415315,0.5038329872489992
0,0.2561633244935969,0.32021094294316,0.4236257325632431
0,0.2882285588537304,0.39301409285718575,0.3187573482890839
0,0.2849286583248683,0.11610149197482034,0.5989698497003113
0,0.276143618843532,0.35342801756046616,0.3704283635960019
0,0.3135104754165067,0.27778186344725986,0.4087076611362336
0,0.29954605791300054,0.3929423172499979,0.3075116248370016
0,0.221543738126999,0.4381507481535442,0.3403055137194567
0,0.3550830256708174,0.20780078392973286,0.4371161903994498
0,0.257045926032473,0.25272880428056005,0.490225269686967
0,0.32823144480229094,0.5167001423082201,0.15506841288948883
0,0.13378844526674022,0.5925735801845179,0.2736379745487418
0,0.17237053980898182,0.5757528300083667,0.25187663018265144
0,0.2512973176205556,0.3285264932659607,0.42017618911348376
0,0.1186074188834546,0.31177263610262856,0.5696199450139169
0,0.36668121812808674,0.3828697099173598,0.2504490719545534
0,0.3269142821190762,0.2693180461633839,0.4037676717175399
0,0.3162560741693169,0.4887677470654404,0.19497617876524267
0,0.18646290098804377,0.5745948976193903,0.2389422013925659
0,0.22707802254216275,0.3017111363546064,0.47121084110323086
0,0.169806303151295,0.4911618360264732,0.33903186082223175
0,0.5994321952197454,0.2141461637269596,0.18642164105329495
0,0.11050885046330272,0.2137514116012795,0.6757397379354179
0,0.30141069314984226,0.11920671595838987,0.5793825908917678
0,0.23686749879498772,0.38089039969932437,0.3822421015056878
0,0.07443818186955285,0.7208402545025516,0.20472156362789554
0,0.13293354612110408,0.45501129829433196,0.412055155584564
0,0.5709942072741657,0.1677505191109127,0.2612552736149217
0,0.4889286766527663,0.16273820136052977,0.34833312198670385
0,0.35114623257569616,0.2561717737812641,0.39268199364303963
0,0.3556497241877648,0.386209988700653,0.2581402871115822
0,0.6475864332233403,0.23104697814553085,0.12136658863112885
0,0.11298525955456508,0.2804842376121116,0.6065305028333233
0,0.14951403360763588,0.5684494869332027,0.2820364794591613
0,0.15218775659317924,0.36257227140972415,0.48523997199709645
0,0.28139861096985996,0.4467191740653565,0.2718822149647835
0,0.25562154122772507,0.5271336712355624,0.21724478753671247
0,0.18504865437846618,0.6477142255970312,0.1672371200245026
0,0.3822601334233996,0.45464289522495943,0.16309697135164092
0,0.21509684039895827,0.41123112482855234,0.3736720347724894
0,0.2377980143205373,0.29504488681794705,0.4671570988615158
0,0.22413989586363334,0.5167821520750283,0.25907795206133843
0,0.1386500620420831,0.2705995975656647,0.5907503403922522
0,0.34428941958602755,0.5417661028199873,0.11394447759398516
0,0.16815895412783616,0.24795356904157825,0.5838874768305855
0,0.3870672988831924,0.24938168651837736,0.3635510145984302
0,0.6271151685062958,0.1095801489934252,0.26330468250027894
0,0.3693836926093684,0.4562077866274559,0.17440852076317565
0,0.41606964461988627,0.38341069064870165,0.200519664731412
0,0.49657190119864225,0.30365065939488756,0.19977743940647033
0,0.17291083738164392,0.09931928518113874,0.7277698774372174
0,0.38094862210814673,0.17829942784629202,0.4407519500455613
0,0.21249215893627713,0.5526087217786061,0.23489911928511684
0,0.15655663183687926,0.28866901512564613,0.5547743530374746
0,0.16297041023786207,0.4316970693708028,0.40533252039133505
0,0.19838595045235824,0.3090727472813349,0.4925413022663069
0,0.43538020369315517,0.3432441359585912,0.22137566034825365
0,0.26482882928280677,0.23820549091247192,0.49696567980472134
0,0.4230789414839696,0.33483018152407884,0.24209087699195164
0,0.1609843886215563,0.4164179852631539,0.42259762611528984
0,0.08561948743742195,0.5664565802705781,0.3479239322919999
0,0.11913091227714188,0.5277958746787962,0.35307321304406175
0,0.2024171238261883,0.48816284350454714,0.3094200326692646
0,0.1380849907124733,0.38637024513705004,0.47554476415047664
0,0.19669186947596004,0.5630276460949107,0.2402804844291293
0,0.7421739275401413,0.14078045448335144,0.11704561797650727
0,0.14562852222253722,0.6553389785241027,0.19903249925336006
0,0.26075314171189024,0.20651799552680944,0.5327288627613003
0,0.19321946876545942,0.441171017159365,0.36560951407517556
0,0.1845860608678685,0.6470648351236054,0.16834910400852618
0,0.3251673269401563,0.30036611414118475,0.374466558918659
0,0.6056396797072321,0.22830550341796124,0.16605481687480664
0,0.5444628916990288,0.24619853273115924,0.20933857556981203
0,0.534724268980442,0.20884242196315148,0.2564333090564063
0,0.21951741534664612,0.2816263641699744,0.4988562204833794
0,0.3563692448911526,0.3863002777556608,0.2573304773531867
0,0.1296338649021609,0.19553080204390177,0.6748353330539373
0,0.32571026500787903,0.220758701109289,0.45353103388283195
0,0.20189078854614162,0.4047767617105619,0.3933324497432964
0,0.33552018221492125,0.1673196145795601,0.49716020320551874
0,0.24979296894003755,0.32158182513043065,0.4286252059295317
0,0.5930033770343341,0.16839209972153946,0.23860452324412632
0,0.16061740510712058,0.5188908894537464,0.32049170543913297
0,0.09339349274583686,0.6104682550550409,0.2961382521991223
0,0.3482891954884139,0.2842893443737927,0.3674214601377933
0,0.2028271379557699,0.5429708799745465,0.25420198206968375
0,0.5085451920834881,0.38003123349733076,0.11142357441918109
0,0.18897440599459786,0.46305307171453847,0.3479725222908636
0,0.3896001247523937,0.49199608965013236,0.11840378559747394
0,0.17116506431492626,0.5867216683031495,0.2421132673819241
0,0.3306037904827184,0.17210967184543974,0.49728653767184183
0,0.43179755878114917,0.438438808875695,0.12976363234315588
0,0.16422422270546047,0.7258862790491413,0.10988949824539829
0,0.11266260548031246,0.618880113334127,0.26845728118556056
0,0.4079084430284416,0.38993009640847154,0.20216146056308687
0,0.33175996309691663,0.17710289626131914,0.49113714064176417
0,0.2481961228265682,0.4156421341451219,0.33616174302830976
0,0.4681905445566816,0.3574856869109878,0.1743237685323307
0,0.17032924117269077,0.3521249839510416,0.4775457748762677
0,0.49801536266507096,0.27453696572397457,0.22744767161095455
0,0.3682490231343434,0.20489550463016082,0.42685547223549575
0,0.22895265451009797,0.3925324954975019,0.3785148499924002
0,0.31213628447466585,0.18473985331284978,0.5031238622124844
0,0.25027060785642424,0.5254031840984694,0.22432620804510628
0,0.07038319693704519,0.2665765265352598,0.663040276527695
0,0.1113067965332237,0.410550161852504,0.47814304161427224
0,0.10855887852665275,0.2815510318915326,0.6098900895818147
0,0.21532790791652545,0.4165047970224181,0.3681672950610565
0,0.15193295928839767,0.3136498184250188,0.5344172222865835
0,0.42357962597217913,0.17686965767603954,0.39955071635178147
0,0.089254869313932,0.4826318835975872,0.4281132470884809
0,0.21146187479813452,0.4544507407091253,0.3340873844927401
0,0.2726107600122164,0.455852254443349,0.2715369855444347
0,0.16665261083324354,0.463723594292529,0.3696237948742274
0,0.4245239965772699,0.1716645098816988,0.4038114935410314
0,0.47988873109271907,0.15567441610298904,0.36443685280429194
0,0.4317475015983733,0.3317340335581823,0.23651846484344435
0,0.6046887439749168,0.29097039727950913,0.10434085874557411
0,0.2889892578417246,0.4351153010599293,0.27589544109834613
0,0.4464717135810925,0.3632838771270157,0.19024440929189185
0,0.3007053731190671,0.4343946132276862,0.2649000136532468
0,0.11527958754431913,0.42841614724181276,0.4563042652138681
0,0.21268057816741223,0.502573781269628,0.28474564056295965
0,0.44855668547249283,0.28500815256516554,0.2664351619623416
0,0.2970488810909225,0.3112593225345413,0.3916917963745362
0,0.4226123957805077,0.26839399686638854,0.30899360735310366
0,0.44834485754038284,0.35726296060902907,0.19439218185058804
0,0.21800865088484236,0.350152427948221,0.4318389211669365
0,0.4906559566642776,0.22329293416207563,0.28605110917364673
0,0.16191765108209166,0.5375735621539908,0.30050878676391757
0,0.32400420091430454,0.48455015708127036,0.19144564200442504
0,0.2803919247552644,0.20840344006713424,0.5112046351776013
0,0.29213519674029814,0.3404796624909056,0.3673851407687962
0,0.12224536374420153,0.6293405711624623,0.24841406509333616
0,0.23382274233042488,0.41737764738144645,0.3487996102881286
0,0.6017173266644661,0.3222852322592237,0.07599744107631014
0,0.11094640347573136,0.5031430186945567,0.385910577829712
0,0.2897514773692059,0.5165007746988854,0.1937477479319086
0,0.3737910938987378,0.48493933242890136,0.1412695736723609
0,0.49997587954798145,0.31376247679465835,0.18626164365736017
0,0.2541838590846478,0.4000522423230679,0.3457638985922841
0,0.26906133616387656,0.35159607977811747,0.3793425840580059
0,0.418684312500299,0.3350567869420276,0.2462589005576733
0,0.573966710227215,0.20172279181054817,0.22431049796223693
0,0.19283818767402874,0.2943437335443699,0.5128180787816013
0,0.5596571022723742,0.23500210331138555,0.20534079441624029
0,0.33157487241604755,0.21148106845677264,0.4569440591271799
0,0.6454392410218803,0.12099285872440797,0.2335679002537117
0,0.22628410088348352,0.6092919822417512,0.1644239168747652
0,0.25065768199327704,0.6542889368775058,0.09505338112921712
0,0.30463338444147414,0.46437726359904635,0.2309893519594795
0,0.37769429057105125,0.392186106305959,0.2301196031229897
0,0.4460270278783978,0.23794653152544337,0.31602644059615875
0,0.1309941211690061,0.49129730933839544,0.3777085694925983
0,0.43338332267825536,0.3725711830353166,0.19404549428642814
0,0.621122931614227,0.23373070563588408,0.1451463627498888
0,0.1436602615535831,0.6362959065978472,0.22004383184856974
0,0.3969064580172507,0.34010591130035267,0.26298763068239667
0,0.24564617304985256,0.5304724372211448,0.2238813897290027
0,0.17507932216518846,0.5848520486872957,0.24006862914751587
0,0.09744582075526362,0.18713596169615435,0.715418217548582
0,0.3007906871958258,0.3626368973947891,0.33657241540938515
0,0.13381770771309445,0.709603001291377,0.15657929099552856
0,0.31317963563104634,0.3648640791422395,0.3219562852267141
0,0.2163887513526672,0.566086445977308,0.2175248026700249
0,0.1388625955780248,0.512711331461548,0.3484260729604272
0,0.17948105060397035,0.6905541265738937,0.12996482282213595
0,0.14277295337014917,0.3417646736897745,0.5154623729400764
0,0.2838446471151579,0.335094775148699,0.38106057773614316
0,0.47937836830415387,0.3265681797513586,0.19405345194448748
0,0.1825204101013702,0.6057245600250837,0.211755029873546
0,0.54305515454823,0.30837536288741135,0.14856948256435873
0,0.49023103751473135,0.29057705851999155,0.2191919039652772
0,0.09670467397309883,0.672806460824586,0.2304888652023153
0,0.13126792669133597,0.28158584485041493,0.5871462284582492
0,0.24146025491387496,0.36116209266279203,0.39737765242333306
0,0.19349446537833642,0.17322326536352814,0.6332822692581354
0,0.2933491563445121,0.2771517198242716,0.4294991238312163
0,0.48380826415067435,0.29510550679891545,0.22108622905041014
0,0.10440654726613602,0.5586781213024598,0.3369153314314043
0,0.23353194846109596,0.34591728404297956,0.42055076749592446
0,0.317292512886667,0.24042475945537473,0.44228272765795823
0,0.5007855276365282,0.18082902849073637,0.3183854438727355
0,0.39336328495365475,0.45801244569743416,0.14862426934891093
0,0.10094369400121607,0.6772928503260403,0.22176345567274364
0,0.13565056615082693,0.4980090866000002,0.3663403472491728
0,0.4274568763355585,0.30539758415556184,0.26714553950887965
0,0.35178299995719825,0.2258414312815875,0.4223755687612141
0,0.5433597744393424,0.16614406052470937,0.29049616503594816
0,0.3052044618686653,0.2827715701968709,0.4120239679344638
0,0.11522807554656322,0.28281024280867134,0.6019616816447655
0,0.17733759253978867,0.31947354438082937,0.5031888630793819
0,0.40632436113737924,0.19729571660128334,0.39637992226133734
0,0.17049630843966748,0.7025272122330478,0.12697647932728473
0,0.34708095142022743,0.4025379061318594,0.2503811424479131
0,0.17096224002035712,0.4257594998861478,0.4032782600934952
0,0.3994132224595062,0.4041174017002859,0.19646937584020782
0,0.39180743511784416,0.4556437966824674,0.1525487681996884
0,0.10047659088292192,0.6768904882243605,0.2226329208927176
0,0.33895785055327904,0.2852516045140638,0.3757905449326572
0,0.4009065976977076,0.3856326595243356,0.21346074277795674
0,0.2809022460151797,0.47681852796068847,0.2422792260241318
0,0.6347331666927858,0.23256320722466162,0.13270362608255262
0,0.5114483615440139,0.18755656483678668,0.3009950736191996
0,0.3193218103617746,0.5476039440678221,0.1330742455704033
0,0.22862616807669403,0.32947879768142435,0.44189503424188153
0,0.09354699705508562,0.3163113992791532,0.5901416036657612
0,0.1516377495588582,0.3960400589021968,0.4523221915389451
0,0.74908090090274,0.057884737309662516,0.19303436178759745
0,0.3170229451620373,0.30851619880631853,0.3744608560316442
0,0.556094181006471,0.14375989268554404,0.3001459263079849
0,0.5454760393952969,0.23517717827850693,0.2193467823261962
0,0.277076176447029,0.48313141864849063,0.2397924049044803
0,0.6580268062546853,0.1656629878785572,0.17631020586675739
0,0.23857081742232739,0.5580758553285964,0.20335332724907623
0,0.5699569348066001,0.08951603227394148,0.34052703291945835
0,0.3094006437269321,0.12725455367071326,0.5633448026023546
0,0.4990474192428918,0.17662973054364164,0.3243228502134664
0,0.5858873144521074,0.21431373948875063,0.19979894605914197
0,0.34442478107235125,0.3336210082975765,0.3219542106300722
0,0.2916785649859137,0.3389909970671321,0.36933043794695414
0,0.19733317733134922,0.4403634342386193,0.3623033884300315
0,0.3490825188373751,0.22226740203530476,0.4286500791273201
0,0.11454263116346905,0.5808207154492779,0.3046366533872531
0,0.3117332897306448,0.5085929137825288,0.17967379648682635
0,0.3766829703055577,0.32110701996081165,0.3022100097336307
0,0.16369583870777094,0.452176055708851,0.38412810558337823
0,0.14658077659652077,0.6333637310991433,0.2200554923043359
0,0.2413357097293694,0.5039228748356872,0.25474141543494344
0,0.23275297743246,0.29586321205309746,0.4713838105144425
0,0.33260767950855363,0.4118538077800049,0.25553851271144146
0,0.296515510350833,0.28216143285095563,0.42132305679821147
0,0.17464995363267002,0.38171579596557526,0.4436342504017547
0,0.1433134520522304,0.3585704537579903,0.49811609418977937
0,0.13339538990601135,0.6851531680556461,0.18145144203834254
0,0.14760100318737598,0.5250861780051262,0.3273128188074978
0,0.1923018853023568,0.4656940046253723,0.34200411007227083
0,0.2925453478890249,0.3650813832030078,0.3423732689079672
0,0.07675561225113814,0.19899162421776007,0.7242527635311018
0,0.2373191201687885,0.3915408587493148,0.37114002108189675
0,0.49408992219089387,0.2972910565857119,0.2086190212233941
0,0.13250032675561813,0.5951612930790638,0.27233838016531803
0,0.24782224512936032,0.21755855850972494,0.5346191963609147
0,0.4381206956539823,0.26744635402050515,0.2944329503255126
0,0.3742984391818002,0.28725721180807057,0.33844434901012926
0,0.1652291225847863,0.4067343201007537,0.42803655731446005
0,0.20343658306902795,0.4538603302132282,0.34270308671774385
0,0.12958385452880772,0.3570508172504002,0.5133653282207921
0,0.45638704211334336,0.42129761390187676,0.1223153439847799
0,0.2642042998322794,0.26788416474466176,0.46791153542305886
0,0.2648390687045135,0.6010381836800465,0.13412274761543996
0,0.5396417428897434,0.25479201099976745,0.20556624611048904
0,0.11466948333197434,0.6386109389081381,0.2467195777598875
0,0.31570242229817685,0.352638819365683,0.3316587583361401
0,0.334731507847706,0.4550548285014979,0.21021366365079605
0,0.19209885547248637,0.17024745783627934,0.6376536866912342
0,0.1034652886299249,0.6479971721826717,0.24853753918740332
0,0.5965122191319899,0.21710060019249683,0.18638718067551335
0,0.28557501456634155,0.3322001055153372,0.38222487991832127
0,0.4438648850514901,0.24765240008432352,0.30848271486418644
0,0.16951641838701195,0.5048412247843101,0.32564235682867787
0,0.3857637748298036,0.2098678525286752,0.4043683726415212
0,0.3306877078531605,0.4824568315561723,0.18685546059066713
0,0.4146529053631983,0.48523600208508344,0.10011109255171827
0,0.13838984698165957,0.5008507536391927,0.3607593993791477
0,0.23527667613448244,0.5376848208769791,0.22703850298853845
0,0.15714359874964037,0.4306436406283398,0.4122127606220199
0,0.27603120200859044,0.2690010594915183,0.45496773849989125
0,0.29482582220005477,0.16424257464716407,0.5409316031527811
0,0.22650289335560847,0.2899868286464739,0.4835102779979176
0,0.21105280203272203,0.3427236771291046,0.44622352083817346
0,0.5922803010639036,0.2668770271095625,0.14084267182653384
0,0.2911291986399272,0.4554305373588775,0.25344026400119535
0,0.11845470194425181,0.3941686518034208,0.4873766462523274
0,0.49448317617068155,0.1386163832615338,0.36690044056778465
0,0.10488879543798682,0.09984611167057081,0.7952650928914423
0,0.2057192894256324,0.2964099805934329,0.4978707299809346
0,0.3601234322229207,0.5140242066936039,0.1258523610834753
0,0.27211033985752314,0.19283857571886115,0.5350510844236157
0,0.1193193373674587,0.30100019280692325,0.579680469825618
0,0.13401182425151553,0.6376127797038277,0.2283753960446568
0,0.2409212017043093,0.6746272326931172,0.08445156560257344
0,0.39985221647957614,0.22284021033387244,0.3773075731865514
0,0.2821761908940369,0.2114324079816182,0.5063914011243449
0,0.46623772460075547,0.23522038998558553,0.298541885413659
0,0.7193674805119703,0.16234971426544942,0.11828280522258038
0,0.563138858565543,0.28296789209130446,0.1538932493431525
0,0.27830186903679893,0.37003392188694073,0.3516642090762604
0,0.2720127194373452,0.28390388432602737,0.4440833962366274
0,0.6287393831605905,0.1295672949522517,0.24169332188715784
0,0.3213937946645803,0.2517990516925973,0.4268071536428223
0,0.22690230484991478,0.6238567050397285,0.14924099011035666
0,0.4482298876692954,0.16610656352795983,0.38566354880274467
0,0.49000413470665477,0.22714436013069114,0.28285150516265406
0,0.4141947178286111,0.22590523647969762,0.3599000456916912
0,0.271665085744276,0.45540522905088415,0.2729296852048399
0,0.5429148604098518,0.247564311770723,0.20952082781942516
0,0.3076366708067031,0.33447362422536103,0.35788970496793593
0,0.24928927182871213,0.43967112647354994,0.311039601697738
0,0.2765212866283932,0.44687601797206733,0.27660269539953936
0,0.13483136465510406,0.18064442761605654,0.6845242077288395
0,0.3080085708160124,0.45353604760688043,0.23845538157710708
0,0.5614042944313202,0.26142966367664583,0.17716604189203386
0,0.2704358211993093,0.4208866966149593,0.3086774821857314
0,0.5199351414835826,0.16598902855210157,0.3140758299643158
0,0.4163383688044904,0.3472976539665886,0.236363977228921
0,0.2977131965039651,0.3220261163152904,0.38026068718074457
0,0.3966439866922662,0.1775142965221608,0.42584171678557287
0,0.28071071820806837,0.4027542576491803,0.31653502414275125
0,0.057758240402488545,0.7385907955238322,0.2036509640736791
0,0.06912641460479027,0.7600458901621466,0.17082769523306304
0,0.25826176959787267,0.44602340499697585,0.2957148254051515
0,0.09678156536991869,0.3919346462877341,0.5112837883423471
0,0.20595083384043855,0.14128105500463814,0.6527681111549234
0,0.2927822104750119,0.2834960598575308,0.42372172966745725
0,0.10935852668462798,0.6698519020970308,0.22078957121834134
0,0.32778770659161804,0.29660756597348165,0.3756047274349003
0,0.47116496969865396,0.2846687902714919,0.2441662400298542
0,0.41124972418715133,0.37962308943762973,0.209127186375219
0,0.2872127022705891,0.2996473559778062,0.4131399417516047
0,0.4283694990743655,0.27890975260096385,0.2927207483246708
0,0.16943156633604492,0.7733248504385534,0.057243583225401795
0,0.2793414258909122,0.5232164138814089,0.19744216022767888
0,0.2239342566107301,0.6313629946414719,0.144702748747798
0,0.43241747201830266,0.244732844756219,0.3228496832254783
0,0.4507729414229322,0.10215674559685074,0.447070312980217
0,0.19594350116529588,0.45965849156659105,0.344398007268113
0,0.4270312463865695,0.28751368371426045,0.28545506989917
0,0.22761796902926051,0.2205057656547979,0.5518762653159416
0,0.10342814187560471,0.45818854283037536,0.4383833152940199
0,0.6884923984641821,0.16068310182081075,0.15082449971500722
0,0.2322557823338002,0.3770659131363424,0.3906783045298574
0,0.3736526321458136,0.33313153198420065,0.29321583586998573
0,0.36005693953063056,0.40970174836336154,0.23024131210600782
0,0.15624372923484722,0.2237461032261707,0.6200101675389821
0,0.6959630761571935,0.2502162618637801,0.05382066197902637
0,0.293343820675108,0.19392118544669365,0.5127349938781983
0,0.1609140590583627,0.3686496873296123,0.4704362536120252
0,0.11012205108629158,0.2948021415307994,0.5950758073829091
0,0.3810230999516356,0.26848450891476644,0.3504923911335979
0,0.1379620181749747,0.31196541364854774,0.5500725681764776
0,0.3614836327262949,0.40103261798168943,0.23748374929201574
0,0.21074839374426219,0.18333744050460715,0.6059141657511307
0,0.2531787315889281,0.22698246259134966,0.5198388058197223
0,0.2751676743023525,0.3549766655288225,0.36985566016882493
0,0.32987944963569155,0.24630665602769536,0.4238138943366132
0,0.1636417316502073,0.3576084367187934,0.4787498316309993
0,0.2305934586825102,0.16302129483405384,0.606385246483436
0,0.21503030227537961,0.26946554680389,0.5155041509207304
0,0.4235631841932453,0.27587949148921304,0.3005573243175415
0,0.18673534594048885,0.27555999550884863,0.5377046585506625
0,0.27033873545653947,0.21496905204127226,0.5146922125021883
0,0.38792570543916927,0.13126592001907317,0.4808083745417575
0,0.6501691683722173,0.12141922629628969,0.22841160533149305
0,0.5768559218958199,0.1485392928033445,0.27460478530083554
0,0.2266360564190825,0.3994707501082006,0.37389319347271693
0,0.27331075084313966,0.22906719729863154,0.49762205185822883
0,0.35030783039756563,0.336188104025819,0.3135040655766153
0,0.5364151153831906,0.27111577046815316,0.19246911414865617
0,0.1271134339960544,0.5837659782238217,0.28912058778012384
0,0.2096408335347997,0.44133203748949107,0.34902712897570926
0,0.13605084661214917,0.26023920428130587,0.603709949106545
0,0.3163795172241572,0.06042497821475771,0.6231955045610851
0,0.5024008739179324,0.16034983521397916,0.3372492908680884
0,0.483022766483918,0.25611781663397365,0.26085941688210834
0,0.3601279382700302,0.33834205066767875,0.3015300110622911
0,0.2126906809208938,0.27409362686286076,0.5132156922162454
0,0.17365136268220283,0.07097712821186752,0.7553715091059298
0,0.23379315731301548,0.10786844597895331,0.6583383967080312
0,0.3995321862812173,0.2140808981604457,0.3863869155583371
0,0.40684164553292457,0.23080522066452364,0.3623531338025518
0,0.2748444576394528,0.4283089951612211,0.296846547199326
0,0.24454289427006226,0.4535170858977736,0.301940019832164
0,0.3163779889367877,0.2098755439580516,0.47374646710516066
0,0.4085717691002379,0.25143183412787956,0.3399963967718824
0,0.13438828938340353,0.46712134063472527,0.3984903699818712
0,0.4176853397582461,0.27466733158851253,0.3076473286532414
0,0.2775321716019827,0.308265687392045,0.4142021410059723
0,0.2854453370582508,0.5050555152469964,0.20949914769475292
0,0.21384163872191395,0.324082301902247,0.46207605937583907
0,0.19396452079623888,0.37480263951983583,0.4312328396839254
0,0.2661942691914045,0.5218106153526171,0.21199511545597852
0,0.43400341126437914,0.21443804310414763,0.35155854563147315
0,0.2868625081981234,0.18577070846862437,0.5273667833332522
0,0.2719278685280685,0.3922705896820106,0.3358015417899209
0,0.33906020325704106,0.3442364301718675,0.3167033665710913
0,0.23441880555570982,0.5600180815746669,0.2055631128696233
0,0.26551878198526946,0.31596948866559105,0.41851172934913944
0,0.3347982767564536,0.187648840301541,0.4775528829420053
0,0.3535190688168331,0.20738806139442423,0.4390928697887427
0,0.18397615964870118,0.19024344014744912,0.6257804002038497
0,0.08919545002372159,0.8170064113127437,0.09379813866353469
0,0.1229487508625613,0.5132970288216013,0.3637542203158374
0,0.49763675550749786,0.14415191872143251,0.35821132577106957
0,0.30069272978121914,0.3418197317739958,0.35748753844478504
0,0.22401330966578312,0.22993548162047053,0.5460512087137463
0,0.2222628209210047,0.5558932181138634,0.22184396096513193
0,0.20434622731293173,0.4458736691546581,0.34978010353241035
0,0.31485544103609064,0.3288630205555104,0.35628153840839893
0,0.2521337008798067,0.3635752004931359,0.3842910986270574
0,0.1409420366119359,0.2987811241691209,0.5602768392189432
0,0.2587767276121338,0.15659092975864625,0.58463234262922
0,0.3068948444994215,0.41884699749862564,0.27425815800195297
0,0.27256226106887144,0.5616937630257498,0.16574397590537876
0,0.2745014072777166,0.3516987538468031,0.37379983887548035
0,0.2201962040479584,0.5447436645593332,0.2350601313927085
0,0.410173375334048,0.13993783521146202,0.44988878945448985
0,0.16369497331181668,0.3754085049402015,0.4608965217479818
0,0.23149083405157772,0.2564814459046414,0.5120277200437809
0,0.5175481377473967,0.22835324271274718,0.2540986195398562
0,0.43505652300920244,0.21833725252569783,0.3466062244650999
0,0.4770382254305737,0.17514921250160975,0.34781256206781647
0,0.3897740498795123,0.4624852280871513,0.14774072203333638
0,0.1774547165567475,0.5867115123516308,0.23583377109162168
0,0.22894913680766862,0.17661491808886176,0.5944359451034696
0,0.5485642008952065,0.19897497787733764,0.2524608212274558
0,0.1848919959065831,0.43026973401163143,0.38483827008178545
0,0.13177176488799058,0.6075903007988755,0.2606379343131338
0,0.1514635037379826,0.5004860849643059,0.3480504112977115
0,0.24657983968692776,0.2711508023233225,0.4822693579897498
0,0.3353064692351295,0.34958763077044835,0.31510589999442207
0,0.27728478532361817,0.36832193924906564,0.35439327542731625
0,0.20963493887920337,0.3336381396883473,0.4567269214324493
0,0.12057954609725906,0.7485778105456922,0.13084264335704893
0,0.13974687591359283,0.3747915093122143,0.4854616147741928
0,0.28992313469343406,0.09911865300076789,0.6109582123057982
0,0.1665508337388538,0.34974222410087913,0.4837069421602671
0,0.19962705171888373,0.38994424934518523,0.4104286989359309
0,0.38166838163077976,0.31772584364617035,0.30060577472304995
0,0.19644018404378955,0.39442522209000874,0.4091345938662017
0,0.34805830229008494,0.43346432615307146,0.21847737155684366
0,0.3241426522776668,0.36287419804154797,0.3129831496807853
0,0.219585446438971,0.36070943596709176,0.4197051175939373
0,0.12753307502797107,0.22975617541071497,0.642710749561314
0,0.5268439489023169,0.2796265773920686,0.19352947370561452
0,0.3894875375402935,0.36883096198008847,0.24168150047961806
0,0.26120256205949105,0.5077784504277247,0.23101898751278416
0,0.29425783027808217,0.14175022500172405,0.5639919447201938
0,0.3198259729911107,0.39816011350940744,0.2820139134994819
0,0.1723611972481654,0.18830185051937662,0.6393369522324579
0,0.03861180221682241,0.13615507316454134,0.8252331246186363
0,0.7253443315593058,0.11117800291665882,0.1634776655240353
0,0.22538393833185835,0.135110484382179,0.6395055772859627
0,0.38411091948713477,0.3694760126968992,0.246413067815966
0,0.3254680571798224,0.20951688542783137,0.46501505739234616
0,0.18366470104447288,0.3500482095940657,0.4662870893614615
0,0.3909016983439015,0.31834806284485123,0.29075023881124734
0,0.38172753257417924,0.29809897680211955,0.32017349062370115
0,0.13624749952310017,0.783201069963801,0.08055143051309888
0,0.18832424711981388,0.4377827253779038,0.37389302750228237
0,0.6744201734904209,0.22389022067833164,0.10168960583124734
0,0.3563159940354721,0.3983974113393573,0.24528659462517058
0,0.7206272393746969,0.14624721000719998,0.13312555061810316
0,0.24131742813465534,0.34603086449899645,0.41265170736634815
0,0.4882296279937603,0.3116926313539894,0.20007774065225029
0,0.340720058659542,0.19577654575434142,0.46350339558611664
0,0.480167778948577,0.23447941078193307,0.2853528102694899
0,0.5043822586913198,0.32183710763039025,0.17378063367828986
0,0.2495095072375662,0.503424142893944,0.24706634986848985
0,0.14387623683442918,0.5201141188099093,0.3360096443556614
0,0.3881421827944065,0.1889405529789324,0.42291726422666115
0,0.44558013153161014,0.2394659475037896,0.3149539209646003
0,0.39239022548665925,0.41918200468646466,0.18842776982687612
0,0.1658607971178851,0.43090015121215675,0.4032390516699582
0,0.10305008665817429,0.5088076714382251,0.38814224190360064
0,0.8974995214917444,0.041917637849355795,0.0605828406588999
0,0.05117757509640454,0.7497158855315649,0.19910653937203052
0,0.3410493916777977,0.2330796479038994,0.42587096041830286
0,0.2746362190794101,0.2113519984669915,0.5140117824535985
0,0.23389060274360657,0.6449718026539882,0.12113759460240525
0,0.28481668607313015,0.2743695494623458,0.4408137644645241
0,0.17314284715861328,0.7067613605267317,0.12009579231465509
0,0.208012535705366,0.4015552078295531,0.3904322564650809
0,0.30867968488272224,0.34681769860222084,0.3445026165150569
0,0.2864248747634321,0.5026496991998521,0.21092542603671582
0,0.32695330298453484,0.463231139051886,0.2098155579635792
0,0.42407697526439964,0.19628423983382629,0.3796387849017741
0,0.3639494491523212,0.22154463714304995,0.4145059137046288
