target,prediction_VL_01,prediction_VL_02,prediction_VL_03
0,0.050898193529710936,0.5622824103933687,0.3868193960769204
0,0.28926928911203487,0.3223316967822949,0.38839901410567035
0,0.15097566557661107,0.748625623232109,0.10039871119128006
0,0.15759840566031824,0.6575529729738211,0.18484862136586055
0,0.2667497962151468,0.3287857037733472,0.404464500011506
0,0.07353695285894278,0.2978624187757206,0.6286006283653367
0,0.15851435839235972,0.5089468276694266,0.3325388139382137
0,0.22257047790575257,0.3159269978210223,0.4615025242732251
0,0.5198610683635633,0.22592175610213017,0.25421717553430656
0,0.2719078804658029,0.5489440285706203,0.17914809096357687
0,0.05754144913442814,0.8618151677912624,0.0806433830743096
0,0.12580149978396762,0.4074158498885491,0.4667826503274834
0,0.11771869192122177,0.5496299880748816,0.3326513200038966
0,0.17675102412616261,0.6059940829924407,0.21725489288139674
0,0.14374281174435716,0.7825625595560539,0.07369462869958904
0,0.12073427533670429,0.6296856241896396,0.24958010047365603
0,0.18300794093993247,0.2924817546846398,0.5245103043754278
0,0.27203662351812163,0.5058832182744895,0.22208015820738894
0,0.0999217146681976,0.7143405857905027,0.18573769954129962
0,0.20539800665010696,0.38013363095682584,0.4144683623930672
0,0.03587897079894484,0.5351820268232044,0.4289390023778508
0,0.21087667258425005,0.1320407282637769,0.657082599151973
0,0.30239965711491784,0.20718523196738226,0.49041511091769996
0,0.24437348983100907,0.5188685306450663,0.2367579795239247
0,0.25878545005924886,0.17325760370241536,0.5679569462383358
0,0.23948032727103158,0.39004211716831005,0.3704775555606585
0,0.1400844499217904,0.23511899697156757,0.6247965531066422
0,0.4844613940874178,0.21611320636060655,0.29942539955197556
0,0.15134478969671386,0.6365525023538083,0.21210270794947791
0,0.5931495876155665,0.23871044457012114,0.1681399678143124
0,0.6137825339325239,0.2642773598182663,0.12194010624920978
0,0.41950992489970745,0.2688783029994985,0.31161177210079416
0,0.3451597023290751,0.3773088827116561,0.2775314149592688
0,0.36663933910512847,0.19646747706984966,0.43689318382502196
0,0.5311206370364986,0.16969048343009455,0.29918887953340684
0,0.8171958875817156,0.1192483356939107,0.06355577672437368
0,0.7897354780557615,0.08275709934550847,0.12750742259873007
0,0.7788679222903281,0.1389021026279692,0.08222997508170261
0,0.4374247869557231,0.31014056849735994,0.25243464454691694
0,0.17586313533972986,0.7042941379624147,0.11984272669785535
0,0.6478618981563471,0.2438827166608025,0.10825538518285045
0,0.3326826025004892,0.48524031060642997,0.1820770868930808
0,0.41782722274120193,0.4602331521530515,0.12193962510574669
0,0.5368850115254141,0.3305571273948946,0.1325578610796914
0,0.7777096868450769,0.06203528967511977,0.16025502347980333
0,0.1120368849361633,0.49390895360649634,0.3940541614573403
0,0.9429773206938709,0.045334721607580494,0.011687957698548478
0,0.7109245778012055,0.15354738351549016,0.13552803868330432
0,0.5887279714283363,0.18453054409281955,0.22674148447884415
0,0.38149153249158435,0.3569815693554751,0.26152689815294056
0,0.509855533853485,0.1527461561488634,0.3373983099976516
0,0.6152895237220674,0.210481807583199,0.17422866869473363
0,0.1621098655006296,0.23768992795763344,0.600200206541737
0,0.12732240745980383,0.16187594648315304,0.7108016460570431
0,0.40940603866205977,0.32980014392041596,0.2607938174175242
0,0.27522440503475093,0.18375649949234016,0.5410190954729088
0,0.12896924503757293,0.5057711254250634,0.3652596295373637
0,0.14520501600461977,0.5233867823211267,0.3314082016742535
0,0.2801676889568644,0.5016276169506487,0.2182046940924868
0,0.14950026790313542,0.7493931281866971,0.10110660391016758
0,0.15530985202977005,0.5144047305472257,0.33028541742300427
0,0.3230611553710821,0.35417978546503415,0.32275905916388387
0,0.24586247976943526,0.3615578991763228,0.39257962105424193
0,0.5364928945379047,0.2539929951822976,0.20951411027979774
0,0.433576257791692,0.26167941558758717,0.3047443266207208
0,0.26729723529138033,0.4216019490203991,0.31110081568822057
0,0.21371936589859797,0.6080349008793788,0.17824573322202322
0,0.4322061537484674,0.33130173480789044,0.23649211144364227
0,0.1967609358430665,0.06564339605457224,0.7375956681023612
0,0.42894974427940175,0.29768379858167177,0.2733664571389265
0,0.6832798151054303,0.15775211705945172,0.1589680678351179
0,0.6129115902960585,0.30654282384046283,0.08054558586347874
0,0.6175944911165255,0.22769784322096348,0.15470766566251096
0,0.4880521497554733,0.1866144758885321,0.32533337435599474
0,0.3880413469741573,0.3734494628977726,0.23850919012807006
0,0.6763025889669274,0.16116585247880863,0.16253155855426388
0,0.29980332829640055,0.23792630959951916,0.46227036210408035
0,0.3208542861028322,0.3012929658985603,0.3778527479986076
0,0.08984884032499574,0.39050628718572533,0.519644872489279
0,0.6520271982115384,0.13528852889810186,0.2126842728903597
0,0.6078427987873972,0.11776852622679419,0.2743886749858086
0,0.21673798285226678,0.37021860740561996,0.4130434097421133
0,0.2904401428133277,0.19820254671793416,0.5113573104687382
0,0.7513235801301329,0.1606874651245556,0.08798895474531147
0,0.5473890417718935,0.11868762863550188,0.3339233295926046
0,0.3470539133021681,0.21866547375843567,0.43428061293939607
0,0.32959500156001087,0.4312621701209894,0.2391428283189997
0,0.14821355826663352,0.6452255454558689,0.2065608962774976
0,0.10991161617303902,0.7256711590498667,0.16441722477709422
0,0.09137979153982753,0.5266867357107656,0.3819334727494068
0,0.07943938940222983,0.5987206131456391,0.3218399974521311
0,0.08711874213598905,0.6100009748669799,0.302880282997031
0,0.11316779265322938,0.405453416176672,0.48137879117009874
0,0.11752128856676713,0.4622941685188264,0.42018454291440654
0,0.0889648324281067,0.18210749569514315,0.7289276718767501
0,0.48854842606814314,0.05241723031070567,0.45903434362115114
0,0.18671302141956342,0.08976746087738086,0.7235195177030558
0,0.11253044454724542,0.35153641827843046,0.535933137174324
0,0.5429664431118753,0.1097444727641787,0.347289084123946
0,0.2772246690675939,0.2935059283111461,0.42926940262126
0,0.3475887832052682,0.36567269993128526,0.2867385168634466
0,0.11424349462672334,0.6280710124193328,0.25768549295394383
0,0.6442826905798309,0.23178825804642975,0.12392905137373936
0,0.6360151862193337,0.1794747040096859,0.18451010977098026
0,0.05742484985401361,0.19344598570725155,0.7491291644387349
0,0.1101808424101879,0.17193128273728728,0.7178878748525248
0,0.04495814227005855,0.7031700369075272,0.25187182082241416
0,0.2519861461875488,0.30365759084405813,0.4443562629683931
0,0.20935925415583154,0.29671342614075397,0.4939273197034146
0,0.24458275881623154,0.27088924889030264,0.48452799229346577
0,0.3218015414013434,0.4594620174669841,0.21873644113167254
0,0.34017393522683054,0.2923052447903957,0.3675208199827737
0,0.30107227526209873,0.3635072253951303,0.33542049934277096
0,0.32557451418451666,0.0676517114477971,0.6067737743676863
0,0.11085858165401173,0.35694194279671204,0.5321994755492763
0,0.3231904298381992,0.33540499720252964,0.3414045729592712
0,0.35380998086986526,0.09523832815915141,0.5509516909709833
0,0.6859873027750427,0.134493604013204,0.1795190932117533
0,0.2864706074141312,0.4215301684261875,0.2919992241596813
0,0.16018456501608996,0.4661148268259751,0.37370060815793493
0,0.3326103009439022,0.45755751392508076,0.20983218513101712
0,0.3476022902174912,0.35228895894549034,0.30010875083701855
0,0.1238509029756364,0.2067855881675072,0.6693635088568564
0,0.3220785062351417,0.4832880250882999,0.19463346867655837
0,0.615866955733751,0.1417711629143883,0.24236188135186057
0,0.32786085492879435,0.1837612556032418,0.4883778894679638
0,0.09083978877156874,0.5977405305117226,0.31141968071670867
0,0.47648374128160653,0.13447068856153366,0.3890455701568598
0,0.07456587057700485,0.5468294082867544,0.3786047211362408
0,0.16854737243768575,0.655113688902497,0.17633893865981715
0,0.5386644815141075,0.21768216338213456,0.24365335510375788
0,0.22107972407387513,0.20064875245619143,0.5782715234699335
0,0.3575816355794986,0.47198033448874416,0.17043802993175725
0,0.06997239162443947,0.324582190463968,0.6054454179115926
0,0.02582553362504545,0.1496939320855802,0.8244805342893743
0,0.18272480245208467,0.3062519723763537,0.5110232251715616
0,0.19825284237162727,0.5235902734118729,0.2781568842164998
0,0.5484900285111707,0.32641366023336155,0.12509631125546772
0,0.4245989965601842,0.277878376759798,0.2975226266800177
0,0.4414256595420407,0.27588060208830084,0.28269373836965855
0,0.12185880722266819,0.6679705936463842,0.21017059913094752
0,0.17085022001488745,0.6330668800006479,0.19608289998446451
0,0.2548712215048074,0.4070285725460419,0.3381002059491507
0,0.46235166295897795,0.20416935914985407,0.333478977891168
0,0.19512568367771807,0.4515615705107032,0.3533127458115788
0,0.5075427417427923,0.21041584221941298,0.2820414160377946
0,0.13284710622583032,0.7678406355074175,0.09931225826675218
0,0.09853966178858505,0.6234688587517668,0.27799147945964814
0,0.16816396848870452,0.4571157473826194,0.3747202841286759
0,0.17415101852309497,0.14535456141272285,0.6804944200641821
0,0.2211357711624501,0.1504012562026831,0.6284629726348668
0,0.0919019827432933,0.7245938107269551,0.18350420652975172
0,0.16746069103077904,0.293031847390903,0.539507461578318
0,0.3415925694857702,0.28063792964173423,0.3777695008724956
0,0.398125996759054,0.2573146706902104,0.3445593325507357
0,0.567462258846608,0.13363192969113474,0.29890581146225736
0,0.42357836438121454,0.4050045241456816,0.17141711147310398
0,0.11253885693258969,0.7943322522458925,0.0931288908215178
0,0.08184513561188304,0.7755196755404083,0.14263518884770862
0,0.3076914307446432,0.4103424141395085,0.2819661551158482
0,0.3164062832041013,0.057087163204981375,0.6265065535909172
0,0.22274158756778845,0.45913926669330213,0.3181191457389095
0,0.2198085814554492,0.3604328727363898,0.419758545808161
0,0.3012423011584857,0.2828622738465818,0.4158954249949325
0,0.6874679052168071,0.200303634846993,0.1122284599361998
0,0.4394644249177692,0.09313794525238184,0.4673976298298489
0,0.32654565669402186,0.4458418261211914,0.22761251718478684
0,0.18030299142032336,0.20121491804143096,0.6184820905382458
0,0.09451553525584666,0.8419915916669806,0.06349287307717287
0,0.09134505972235486,0.5487517553370072,0.359903184940638
0,0.07699475438896672,0.7245238373953006,0.19848140821573265
0,0.110607029683318,0.15460257451754766,0.7347903957991343
0,0.36228305292324103,0.44609013449809104,0.19162681257866804
0,0.3271926471494743,0.11940025906738705,0.5534070937831387
0,0.05480163328833138,0.6673461708918617,0.277852195819807
0,0.28666773794462613,0.5796303125904635,0.13370194946491046
0,0.15757536972963773,0.4497992023664911,0.3926254279038712
0,0.24479006337327044,0.49014084248206324,0.26506909414466645
0,0.2231689701501384,0.4980652815975961,0.2787657482522654
0,0.14008690175964042,0.5127242326825908,0.34718886555776873
0,0.06882866343880323,0.39206692192043907,0.5391044146407578
0,0.23799426302841667,0.5267533840631047,0.2352523529084786
0,0.5756589976633631,0.19794400341047125,0.22639699892616555
0,0.15922170016323375,0.4442690181372318,0.3965092816995345
0,0.2075902897014685,0.2407110934626212,0.5516986168359103
0,0.12716792812936428,0.37679699747013234,0.4960350744005032
0,0.29598265139004065,0.28096659213193387,0.4230507564780255
0,0.27690504479975,0.06145340360528949,0.6616415515949604
0,0.29781056409565543,0.4482640669722243,0.25392536893212037
0,0.32925098237375394,0.374087260999279,0.2966617566269671
0,0.16940937729239253,0.5333273140361138,0.29726330867149375
0,0.20098264898811372,0.30268555831292643,0.49633179269895983
0,0.6103229656952801,0.16367999368185493,0.22599704062286502
0,0.24500280644867203,0.22071488794793948,0.5342823056033885
0,0.27592380050128035,0.5451477288243791,0.1789284706743404
0,0.08483134341629892,0.36170390071109476,0.5534647558726062
0,0.17783172772583786,0.6203496201236811,0.2018186521504811
0,0.2243337852098384,0.3378314903137643,0.4378347244763973
0,0.10753138729604983,0.3829067217497404,0.5095618909542099
0,0.30175360064739193,0.45253664567543594,0.24570975367717207
0,0.2834032371337163,0.3593890973983003,0.35720766546798344
0,0.309866286138679,0.4680389828792151,0.222094730982106
0,0.3783203849174273,0.43127725146647483,0.1904023636160979
0,0.33115610158792996,0.1710059752150861,0.49783792319698394
0,0.2549569283470928,0.3189969376663006,0.4260461339866066
0,0.7897172929301863,0.13199628786006753,0.07828641920974604
0,0.1864088418060148,0.15592745396445376,0.6576637042295314
0,0.19193850375310123,0.12906613852691257,0.6789953577199863
0,0.3701084805225991,0.3053516978193615,0.32453982165803935
0,0.07858128631574106,0.7076797211458098,0.2137389925384492
0,0.09303193329046583,0.47619085064361877,0.4307772160659153
0,0.7515848267089004,0.1275391797267847,0.12087599356431493
0,0.4582870568877504,0.15674322534995044,0.38496971776229927
0,0.29803651988263874,0.4327623541910655,0.26920112592629564
0,0.34708328683642087,0.4204975511383951,0.2324191620251841
0,0.7366501559668605,0.12630593366091916,0.13704391037222036
0,0.10241684206924385,0.523289909811467,0.3742932481192893
0,0.16573600859379223,0.5553471779815504,0.27891681342465724
0,0.17697630337944978,0.14151336179539073,0.6815103348251595
0,0.4124091092280774,0.3475350214157558,0.24005586935616677
0,0.35878890636763994,0.4587249237622018,0.18248616987015837
0,0.16507645640609672,0.5921277364680815,0.24279580712582183
0,0.6589306675267778,0.2735040705622921,0.06756526191093014
0,0.06783450474290341,0.5529085776589736,0.37925691759812297
0,0.5034919952805809,0.1025414759020368,0.3939665288173823
0,0.15860105805717428,0.7242781455150563,0.11712079642776925
0,0.18264433636507285,0.23068250085982275,0.5866731627751044
0,0.2178670867294808,0.6769919240680164,0.10514098920250281
0,0.15603235235478977,0.32500775216190697,0.5189598954833032
0,0.4103955415864385,0.35127267485690256,0.23833178355665893
0,0.707098641914151,0.07085700601315004,0.22204435207269899
0,0.34035715159898744,0.4849765401587309,0.1746663082422818
0,0.37161032322997084,0.5248116988035743,0.10357797796645492
0,0.4571412805436282,0.36138149863408486,0.18147722082228696
0,0.06667138364709234,0.08225183523741818,0.8510767811154895
0,0.37199802126975684,0.2265727373208221,0.401429241409421
0,0.36674053307613386,0.3837321380275743,0.24952732889629184
0,0.1232519633334158,0.3639932876831946,0.5127547489833896
0,0.1331540194965989,0.3052968001789797,0.5615491803244214
0,0.26733859063560705,0.14472492664897907,0.5879364827154138
0,0.4072634017778716,0.47805578094717016,0.1146808172749583
0,0.3251812029758966,0.14801509454357567,0.5268037024805278
0,0.3930786228023872,0.2904236302261353,0.3164977469714775
0,0.15657818697491652,0.31043398263299815,0.5329878303920853
0,0.059340118816992055,0.6502391223495838,0.29042075883342416
0,0.09598124223901996,0.6207255642796873,0.2832931934812928
0,0.10604370287270708,0.3830503584805152,0.5109059386467777
0,0.13360877786352537,0.4154280506233311,0.4509631715131435
0,0.33898177926125744,0.4124259379861053,0.2485922827526373
0,0.5488185412107104,0.24820897146688478,0.20297248732240486
0,0.13217656807170922,0.6348264803962013,0.2329969515320896
0,0.47351201561266565,0.15854710095905503,0.3679408834282792
0,0.24669510631460487,0.5007688423730945,0.25253605131230067
0,0.11790471648041671,0.6943152476117026,0.18778003590788067
0,0.40026601575389786,0.31627609268407314,0.28345789156202905
0,0.3652119985527289,0.5151491350035133,0.11963886644375778
0,0.6140506869163909,0.21970783414954828,0.16624147893406083
0,0.5088626009067205,0.21913346457308863,0.27200393452019084
0,0.16703284066756283,0.4029957593305318,0.4299714000019053
0,0.4236145876560384,0.2616761430819495,0.31470926926201215
0,0.08508874855854087,0.20295844509904104,0.7119528063424181
0,0.5091673348016623,0.19925684803455637,0.2915758171637813
0,0.2851521351043502,0.23998800151474114,0.47485986338090863
0,0.49914888292114823,0.142019133329994,0.3588319837488577
0,0.17870325403988313,0.49136125893164545,0.3299354870284713
0,0.7129569826723988,0.19594925129392618,0.09109376603367497
0,0.12598658909932658,0.44925942944707686,0.4247539814535966
0,0.05327139471171772,0.7658963771596351,0.18083222812864724
0,0.5394276197105096,0.24572179686522133,0.21485058342426913
0,0.12122751480463148,0.6744955443159361,0.20427694087943243
0,0.7248343326031659,0.23931595222933374,0.03584971516750035
0,0.06681830036312897,0.7373356757909995,0.19584602384587163
0,0.28978746796493193,0.6320373799026793,0.07817515213238874
0,0.10785040811970456,0.6512194422674972,0.2409301496127982
0,0.24679178281019665,0.37452098837221065,0.37868722881759265
0,0.5707450999279544,0.3855667732247753,0.04368812684727038
0,0.37886347139615806,0.49062976898027616,0.13050675962356584
0,0.06381112849930162,0.7760198165843004,0.16016905491639807
0,0.2536030532231108,0.27227743753280653,0.47411950924408264
0,0.3767654856528714,0.2934431109738381,0.32979140337329055
0,0.19253680317675576,0.4401637872484233,0.367299409574821
0,0.4271572195928176,0.4290213816048661,0.1438213988023163
0,0.15903922776463056,0.21376036409656932,0.6272004081388002
0,0.6115211903113702,0.18041887996559006,0.20805992972303974
0,0.27498629981779815,0.2583199205811285,0.4666937796010734
0,0.12504963851856984,0.29199358011513027,0.5829567813662999
0,0.5448688680718279,0.160752492173664,0.2943786397545082
0,0.13009453961127468,0.6997845296419078,0.17012093074681744
0,0.09760051838579045,0.266738386794897,0.6356610948193125
0,0.22216960558973567,0.43971375433011595,0.3381166400801484
0,0.12893602318172406,0.4693016301763405,0.40176234664193533
0,0.3992057528588046,0.3935713368606607,0.2072229102805347
0,0.10375476245153405,0.4459846849012743,0.4502605526471917
0,0.5315084502978559,0.24460450004460005,0.22388704965754405
0,0.0781854172888241,0.36924731634861213,0.5525672663625637
0,0.3546811807609518,0.5221913632896245,0.12312745594942376
0,0.2331846770419944,0.42993020908011575,0.3368851138778897
0,0.26521227309022233,0.43038481435499637,0.30440291255478125
0,0.5208799853912492,0.2073051405950213,0.2718148740137294
0,0.6203421126259527,0.14908282889915528,0.23057505847489201
0,0.6186135595200168,0.260282672274792,0.12110376820519109
0,0.29480668387196374,0.5551693588274911,0.15002395730054513
0,0.22699266574580623,0.5053707437438053,0.26763659051038846
0,0.46001388077042393,0.38111552905400153,0.1588705901755745
0,0.14839816755429594,0.4251715228936947,0.4264303095520094
0,0.05353138696450008,0.4791919112419788,0.46727670179352127
0,0.25467411308051724,0.37441598227942763,0.370909904640055
0,0.3278568912589924,0.12559422756943128,0.5465488811715763
0,0.45426543655781293,0.2874726400458261,0.25826192339636084
0,0.32021551770453976,0.46918517902170326,0.21059930327375703
0,0.338153871523803,0.3893336374592129,0.27251249101698405
0,0.1670321920662831,0.2835013477752258,0.5494664601584911
0,0.46346408455924976,0.224459879050874,0.3120760363898763
0,0.11174760633977059,0.4830740341318256,0.4051783595284037
0,0.27729215856226813,0.47439930232350885,0.248308539114223
0,0.15448133050979695,0.23564622493589482,0.6098724445543082
0,0.2640424002331622,0.33190118055826545,0.4040564192085723
0,0.11658221119966962,0.5570845705387351,0.3263332182615954
0,0.20227886389917946,0.4236952561270004,0.37402587997382014
0,0.5813215697687865,0.3589717832697019,0.05970664696151165
0,0.10720633219875456,0.5160425514115251,0.3767511163897203
0,0.22057081555711477,0.4693050256031095,0.31012415883977573
0,0.3163154522144445,0.5920535429083436,0.09163100487721186
0,0.406421337396669,0.39999056241141273,0.1935881001919183
0,0.37808095989380947,0.43384421283768176,0.18807482726850874
0,0.3103396910717636,0.4352262621517221,0.25443404677651427
0,0.24522973984335178,0.37805192315587544,0.37671833700077284
0,0.43835435295308284,0.3434327487955265,0.21821289825139073
0,0.1694804190790277,0.2058601543217926,0.6246594265991797
0,0.43336481738863125,0.2268148911137323,0.3398202914976364
0,0.32583740956742446,0.24256728289265053,0.43159530753992503
0,0.725240456926357,0.16167705947518832,0.11308248359845476
0,0.2410448222216182,0.6332876389016923,0.1256675388766894
0,0.23101655818769454,0.6734366698734299,0.09554677193887563
0,0.36318386344032033,0.27755104916885975,0.35926508739081986
0,0.48350214171246225,0.21120634792533355,0.3052915103622042
0,0.46902926756125596,0.29570694935537045,0.23526378308337356
0,0.10478548411388813,0.4153459831909299,0.4798685326951819
0,0.3501442010258006,0.5129003044363915,0.13695549453780798
0,0.6364157264230498,0.22966212040969605,0.13392215316725414
0,0.18623153339426174,0.5753222619873329,0.23844620461840527
0,0.45681924732151974,0.3026409422178372,0.24053981046064296
0,0.5454181964515704,0.28350894515021485,0.17107285839821476
0,0.09861285879922664,0.6875895042978322,0.21379763690294112
0,0.052823632275911137,0.13029291026846482,0.816883457455624
0,0.3182842243120817,0.4017356530123886,0.27998012267552974
0,0.1473624668887285,0.6501594482766486,0.20247808483462282
0,0.45028277942530126,0.26910751258397236,0.28060970799072643
0,0.11202211053558236,0.6669605979087306,0.2210172915556869
0,0.14315637927532834,0.4936460036369778,0.3631976170876939
0,0.13474218640260502,0.795364073801671,0.0698937397957241
0,0.22332694747364465,0.30546239641999323,0.4712106561063622
0,0.1714408027219072,0.4105855249869583,0.4179736722911346
0,0.49646362572588276,0.21903229667938814,0.2845040775947292
0,0.14649124753240175,0.6740321559982632,0.17947659646933517
0,0.5250031754486367,0.28995287400370306,0.18504395054766026
0,0.2714226876519731,0.24988246401319653,0.4786948483348304
0,0.13484676991996164,0.6588750400068919,0.20627819007314632
0,0.1381903565489199,0.08293653427259016,0.7788731091784898
0,0.37027204975701794,0.2762963371813296,0.3534316130616525
0,0.39898825746160493,0.1593345174005317,0.4416772251378633
0,0.24432984731958907,0.2746112127034229,0.48105893997698795
0,0.6120321098731677,0.25404349305879476,0.13392439706803738
0,0.12669441411635624,0.46445686118836815,0.4088487246952757
0,0.21215513945415793,0.1471742506592998,0.6406706098865423
0,0.27402568404974975,0.3729444508432059,0.3530298651070444
0,0.4920845062348907,0.1085185570740525,0.39939693669105675
0,0.23187906735816097,0.5690326589087196,0.1990882737331194
0,0.08838331189996192,0.6596792545683527,0.2519374335316853
0,0.09919271082409409,0.4309033961753407,0.46990389300056534
0,0.4744981709449576,0.18222028570847787,0.3432815433465647
0,0.5032849338053877,0.1406110240247903,0.35610404216982194
0,0.3405223625657635,0.2202314120434146,0.4392462253908218
0,0.19869650746990894,0.2782028123668607,0.5231006801632303
0,0.08257613422205147,0.22820836552603999,0.6892155002519085
0,0.27877306149024117,0.48791556604806524,0.23331137246169364
0,0.24651370536041622,0.5577541946076948,0.19573210003188898
0,0.08312030000530442,0.7417421998226489,0.17513750017204677
0,0.3225623523347603,0.3553057132619472,0.32213193440329263
0,0.2645083759768986,0.42773516728961514,0.30775645673348623
0,0.6765837322539814,0.20346466443045308,0.11995160331556558
0,0.5753096669944108,0.2970711587140536,0.12761917429153563
0,0.05513587098720459,0.5616348473198667,0.3832292816929288
0,0.1059801612852137,0.4563724405667733,0.437647398148013
0,0.2961821746533294,0.35665050627833805,0.3471673190683325
0,0.3041368023215588,0.484665832588755,0.21119736508968623
0,0.5441627170910542,0.29367646014361565,0.1621608227653301
0,0.6615426060849586,0.0804837622125983,0.2579736317024431
0,0.4632405140931751,0.4270440024117839,0.1097154834950409
0,0.20316737193989562,0.29713777816431786,0.49969484989578655
0,0.16491433682189705,0.45874510523398265,0.37634055794412036
0,0.11189553923174894,0.6234041238416989,0.2647003369265521
0,0.5861831841779708,0.0984544885373734,0.31536232728465596
0,0.3183192016967257,0.23870756179541341,0.44297323650786097
0,0.443152375805009,0.10912454437024058,0.44772307982475057
0,0.5052810799317834,0.15524260062606351,0.33947631944215306
0,0.20158923490347988,0.5777584746258521,0.220652290470668
0,0.6527173255065651,0.13762090064583585,0.20966177384759901
0,0.3278374890743756,0.5485277209772211,0.1236347899484033
0,0.5486884126505627,0.13840038078192496,0.3129112065675123
0,0.367665410680283,0.2146841835044489,0.417650405815268
0,0.6235616538753814,0.14946071821887738,0.22697762790574122
0,0.5228327403025567,0.2706111749302123,0.206556084767231
0,0.574651151970039,0.24251563761871403,0.18283321041124692
0,0.2841158509403976,0.42515149969591237,0.2907326493636901
0,0.12929953119711785,0.5502515743073726,0.32044889449550956
0,0.39773656174738226,0.30712650531713015,0.2951369329354875
0,0.22403660436879694,0.5826634156223747,0.19329998000882848
0,0.24719302571882512,0.5768263546209176,0.17598061966025724
0,0.3042271036496291,0.41028845548260473,0.28548444086776614
0,0.10870111103437363,0.26249424556330414,0.6288046434023221
0,0.17067361512609178,0.5986086169527504,0.23071776792115792
0,0.36890968873965524,0.339160175105026,0.29193013615531876
0,0.30170393948008495,0.21735624753053773,0.4809398129893772
0,0.3694238934455206,0.3244340347491538,0.30614207180532566
0,0.26664089180476064,0.4019257437580162,0.3314333644372232
0,0.2036012963792447,0.34368635058980107,0.4527123530309542
0,0.16275732325151288,0.45052939068170195,0.38671328606678523
0,0.14177500369839827,0.6930321656759496,0.1651928306256521
0,0.14164443221982076,0.47192044903344293,0.38643511874673636
0,0.3609532667942278,0.4751849547642455,0.16386177844152675
0,0.24775723991751875,0.4119377290144659,0.34030503106801546
0,0.09247558701597501,0.19435258135176192,0.713171831632263
0,0.18750947578209612,0.288617962636785,0.5238725615811188
0,0.39001068762193064,0.32285250294085793,0.2871368094372114
0,0.1901054534503396,0.48142069636247287,0.32847385018718755
0,0.14777980881950104,0.2360187692951652,0.6162014218853339
0,0.32930605238544364,0.16446480230013186,0.5062291453144245
0,0.4383427972132949,0.19219024026444959,0.36946696252225547
0,0.15288947595094265,0.4824237054898261,0.3646868185592313
0,0.22542076144454753,0.34031699726483833,0.43426224129061414
0,0.11253845505095712,0.39612586409342465,0.49133568085561835
0,0.26893280233116174,0.568655274774125,0.16241192289471312
0,0.30682025710571204,0.2822264454653056,0.4109532974289824
0,0.24037239560760784,0.5850505188843871,0.17457708550800508
0,0.5935467020387262,0.27838954966243545,0.12806374829883843
0,0.16057494125478802,0.5131273785544954,0.3262976801907166
0,0.2712457312012805,0.4595256358327026,0.2692286329660169
0,0.28754297909401055,0.46555236353509444,0.24690465737089504
0,0.36958985000300837,0.18211143138433647,0.44829871861265513
0,0.08288566785393557,0.7588138328990794,0.15830049924698514
0,0.4745711627836262,0.3143862888126594,0.2110425484037144
0,0.19964504766718238,0.5053075357465985,0.2950474165862192
0,0.39771809429052757,0.20205730585022202,0.40022459985925035
0,0.13559354257072123,0.545689515605903,0.3187169418233758
0,0.5397076889563454,0.1360004438638191,0.3242918671798356
0,0.1863246335467527,0.6374630270474114,0.1762123394058359
0,0.35302539994006715,0.5746496409620624,0.07232495909787047
0,0.1096389303630096,0.5894470301484181,0.30091403948857215
0,0.27452696735239096,0.3915995070887588,0.33387352555885036
0,0.13266263928331046,0.4518116545979194,0.4155257061187701
0,0.252945111630275,0.3862344522781318,0.3608204360915931
0,0.1777313736021018,0.22623902885145594,0.5960295975464422
0,0.20170084734706709,0.21198711105247178,0.5863120416004611
0,0.19756703916281765,0.3813670235917148,0.4210659372454676
0,0.604012576205869,0.18424705001577502,0.21174037377835597
0,0.5214334749386739,0.24779823792999714,0.23076828713132894
0,0.08831377936651104,0.4217349571824461,0.4899512634510429
0,0.4407047685918983,0.10230082399250309,0.45699440741559866
0,0.1251663059412172,0.06305734968265735,0.8117763443761253
0,0.24240718296235161,0.21965185373151466,0.5379409633061338
0,0.4585540846281709,0.4166976343397698,0.12474828103205922
0,0.24484773469913867,0.3989008878383319,0.3562513774625294
0,0.1563519963488285,0.44558414293449405,0.3980638607166775
0,0.10589293048204397,0.5882216724992669,0.3058853970186891
0,0.20808104885970097,0.6304537316562436,0.16146521948405537
0,0.42496009954236486,0.20024138384815085,0.3747985166094843
0,0.4557913742903878,0.06912939522514969,0.4750792304844625
0,0.31989696803249784,0.3259620743828801,0.3541409575846221
0,0.7890264194719356,0.17541533588743372,0.03555824464063059
0,0.6875514482732772,0.18126952400481253,0.13117902772191029
0,0.2894434651329152,0.287170945516846,0.42338558935023884
0,0.3829875040175394,0.1277298714853322,0.48928262449712834
0,0.4432540838736929,0.12902710180444046,0.42771881432186654
0,0.3663683524512815,0.23469490873752544,0.39893673881119307
0,0.13018609581322935,0.6514755754699397,0.21833832871683082
0,0.44688313757223036,0.10997756660666698,0.44313929582110273
0,0.5029309581504211,0.22552393579926322,0.2715451060503157
0,0.5071363282560695,0.36330401376598787,0.12955965797794267
0,0.1484875709276545,0.5095936127632102,0.34191881630913534
0,0.4805684950680091,0.32455376206618786,0.19487774286580298
0,0.20255657785895206,0.4036756535906858,0.3937677685503621
0,0.37344778312511323,0.37359903795745325,0.2529531789174335
0,0.293056068206588,0.5735853714361737,0.1333585603572383
0,0.17888424937945874,0.2871080039625996,0.5340077466579416
0,0.3944899059735043,0.3846710237725404,0.2208390702539553
0,0.5598998196854269,0.3487572699109578,0.0913429104036153
0,0.28406277857273565,0.3125843229170792,0.40335289851018524
0,0.6258458267804515,0.06450391713820322,0.30965025608134517
0,0.37274664792149437,0.3199053477174801,0.3073480043610255
0,0.36676490253416744,0.40516500177842324,0.22807009568740924
0,0.42922567406165496,0.13350141346850733,0.4372729124698377
0,0.17677456951687986,0.3601381852580948,0.4630872452250253
0,0.09192833507065698,0.5537031163704703,0.35436854855887284
0,0.04804002407829598,0.6440732937790853,0.3078866821426188
0,0.27090044837670696,0.3918803397280385,0.3372192118952545
0,0.11882438964419145,0.3068092505677744,0.5743663597880342
0,0.2155811392742793,0.14410544827300018,0.6403134124527204
0,0.4131853663227876,0.18979212168948523,0.3970225119877271
0,0.08069391584549981,0.692530198794686,0.2267758853598143
0,0.2591464534595402,0.34278917207367116,0.39806437446678866
0,0.4002944680099225,0.34588114590461455,0.253824386085463
0,0.22291295753049153,0.4902248244983091,0.2868622179711993
0,0.44146698177838956,0.25123677617923185,0.3072962420423786
0,0.4721705461881121,0.23738354251967647,0.2904459112922115
0,0.09038663058592375,0.8135308799673004,0.09608248944677583
0,0.1679127870240647,0.682965753835107,0.14912145914082825
0,0.2821506157943199,0.5640981245273206,0.1537512596783596
0,0.46048970090146346,0.1929438171365101,0.3465664819620264
0,0.5371642904540129,0.0933322608773507,0.36950344866863627
0,0.2346432361833564,0.32634300271370553,0.43901376110293816
0,0.4039263394655656,0.3304821117344714,0.26559154879996294
0,0.3489008282884921,0.24258626857321014,0.40851290313829774
0,0.1856580207785201,0.4042230347633209,0.41011894445815894
0,0.46420718734250505,0.31980172994752626,0.21599108270996867
0,0.4352958482961852,0.25029410735111507,0.3144100443526998
0,0.34544076854609007,0.36257882934645536,0.2919804021074546
0,0.3784202418602257,0.37647257043073634,0.24510718770903786
0,0.12569669285926324,0.17967936019919628,0.6946239469415405
0,0.5710556298245835,0.3078306545285296,0.12111371564688696
0,0.3961106782932274,0.24079924052304344,0.3630900811837292
0,0.12656060006959952,0.3661281376501211,0.5073112622802795
0,0.09493264257179043,0.42875843333503816,0.4763089240931713
0,0.5033301453894282,0.20810366709153538,0.2885661875190364
0,0.13434321405663321,0.4606215529719097,0.4050352329714571
0,0.4515800921126014,0.32910865004809625,0.2193112578393022
0,0.17059595119119747,0.24229931869648522,0.5871047301123173
0,0.18028989932012693,0.3019559583731302,0.5177541423067429
0,0.3135592791461278,0.36234682062638296,0.3240939002274892
0,0.24141808361456493,0.2500105691823712,0.5085713472030639
0,0.10921623165951419,0.30672310087885357,0.5840606674616321
0,0.2676429767139637,0.2022871481729557,0.5300698751130807
0,0.2601962741985589,0.17145044663024198,0.5683532791711992
0,0.6059306327397607,0.18428474261667507,0.20978462464356434
0,0.27230977047171173,0.32330449129584604,0.40438573823244217
0,0.4574099670369779,0.12366872565041066,0.41892130731261157
0,0.33815981381663207,0.03697433512425686,0.6248658510591111
0,0.606165512586646,0.07245059991255277,0.3213838875008014
0,0.797138321531384,0.09190304743349491,0.11095863103512099
0,0.17503660684155886,0.44349447841934136,0.38146891473909983
0,0.2659027827217955,0.199819098920569,0.5342781183576355
0,0.29077453411079396,0.2985565780457865,0.41066888784341954
0,0.4138130306035788,0.46349866559658914,0.12268830379983203
0,0.1264762096299884,0.7256054644449909,0.14791832592502074
0,0.30648771223040183,0.35572604450526146,0.33778624326433676
0,0.1390856207112746,0.2640254271526075,0.5968889521361179
0,0.45684725996915376,0.05494002701655769,0.4882127130142886
0,0.47007032740572335,0.20359878564357528,0.3263308869507014
0,0.585050956245009,0.22711723460987462,0.18783180914511638
0,0.28444103372156315,0.42414777746822324,0.2914111888102136
0,0.23049285020642898,0.24873033693272836,0.5207768128608427
0,0.14367706657448373,0.06181744409388209,0.7945054893316341
0,0.16526251960485458,0.09976872699930861,0.7349687533958368
0,0.36922174819354203,0.12889429960561147,0.5018839522008466
0,0.42490759707659226,0.29407525849563904,0.28101714442776865
0,0.33054929561568785,0.42446859611174337,0.24498210827256867
0,0.11273037730119276,0.29206422175588376,0.5952054009429235
0,0.27501618978706455,0.19820228293030312,0.5267815272826324
0,0.2198460744867152,0.29852308250061205,0.4816308430126728
0,0.1675998230456233,0.5569601640970403,0.27544001285733644
0,0.3534539442772046,0.19713287558344114,0.4494131801393542
0,0.16753451211220438,0.2561859748950238,0.5762795129927718
0,0.25752597519363096,0.4162630420873474,0.3262109827190216
0,0.12885202022304568,0.3451681014920909,0.5259798782848635
0,0.1419080351441865,0.42078619428792446,0.437305770567889
0,0.2763527263032269,0.4862396408878911,0.237407632808882
0,0.3862310541334077,0.1634346085214956,0.4503343373450968
0,0.23869762197170905,0.4099457427794333,0.3513566352488578
0,0.23116085104711376,0.6232087640996359,0.14563038485325044
0,0.27635129469842273,0.36970892215474316,0.3539397831468341
0,0.15530047018033774,0.6431256467202378,0.20157388309942448
0,0.36768850357159427,0.25807349135167557,0.3742380050767303
0,0.39519277798016883,0.15052554458011447,0.4542816774397167
0,0.46874080736780616,0.20379437148323984,0.3274648211489542
0,0.3761672856735877,0.1352496029851145,0.4885831113412977
0,0.05705517985704617,0.8021293666414953,0.14081545350145844
0,0.247948527712696,0.46463121715630884,0.2874202551309953
0,0.5126743466669664,0.2509552824888085,0.23637037084422508
0,0.15390085626068922,0.6726216446187614,0.1734774991205495
0,0.16534696719600606,0.1109391380173432,0.7237138947866507
0,0.25027865152503387,0.5300310167601245,0.2196903317148415
0,0.19245115571683313,0.5852613042866215,0.22228753999654555
0,0.18408937998277125,0.42452138417314483,0.3913892358440839
0,0.13557655029145216,0.3031525428390963,0.5612709068694515
0,0.374714185556971,0.19198578544688213,0.4333000289961469
0,0.3004018315458206,0.09598742231943333,0.6036107461347461
0,0.2645637247938602,0.4764368527200065,0.2589994224861332
0,0.37907218675537724,0.36292502458959586,0.2580027886550268
0,0.4192441834536564,0.23591902970963544,0.3448367868367081
0,0.30017248999325163,0.558229833788236,0.1415976762185124
0,0.6208471073188336,0.10271241313920969,0.27644047954195666
0,0.4518396511897452,0.28601136741825156,0.2621489813920032
0,0.2502046858273451,0.3771132106645897,0.37268210350806524
0,0.2522840157318248,0.42636381414154484,0.32135217012663037
0,0.6705368322041299,0.14389211936607382,0.18557104842979635
0,0.4363920960185878,0.14987996738000905,0.41372793660140317
0,0.3707654686571558,0.4379932677453283,0.19124126359751595
0,0.10293302430645564,0.6334069411570801,0.2636600345364644
0,0.29113094905844905,0.23970959103203893,0.469159459909512
0,0.7200512655113716,0.11942049790390599,0.16052823658472243
0,0.321200727717178,0.4581299336327854,0.22066933865003657
0,0.18780234536511747,0.5070223119662138,0.30517534266866875
0,0.15144415395943617,0.5148886796463036,0.33366716639426025
0,0.40570933473940957,0.16420524317739896,0.4300854220831915
0,0.3121133008790211,0.4400120958545285,0.2478746032664505
0,0.34885752463560715,0.4023566883183017,0.2487857870460911
0,0.177963169729788,0.2739962085255315,0.5480406217446805
0,0.07684547691046228,0.7682391626424161,0.1549153604471217
0,0.08221074355308486,0.33747935996414996,0.5803098964827651
0,0.19025620789446585,0.06693352172823556,0.7428102703772985
0,0.19184470817889607,0.5511278339317033,0.25702745788940057
0,0.1814857519772391,0.596527998258778,0.2219862497639829
0,0.32937302741664565,0.29706082016205704,0.3735661524212973
0,0.08672613575895936,0.6957168938360534,0.21755697040498734
0,0.3421812297944803,0.4078554063164802,0.24996336388903947
0,0.23467178477163975,0.38004050086998514,0.38528771435837506
0,0.2641240348407341,0.44362452226221194,0.29225144289705396
0,0.08997510354697089,0.4002528677508999,0.5097720287021292
0,0.6623753734364436,0.21217100446839013,0.12545362209516614
0,0.2358707120751395,0.4603115009922404,0.30381778693262
0,0.31302547454132035,0.3712389655209275,0.3157355599377521
0,0.43043285884950017,0.16287306379484304,0.4066940773556568
0,0.31691237227567315,0.43300128383274383,0.25008634389158313
0,0.2749939873646493,0.21312644775491962,0.5118795648804311
0,0.04945689993387381,0.12264017865772224,0.827902921408404
0,0.5260990105349947,0.1252466439072572,0.3486543455577481
0,0.14285826030570098,0.08789323361978983,0.7692485060745092
0,0.39482718859435123,0.3134202477799936,0.29175256362565516
0,0.32197632742833515,0.21005177002186223,0.4679719025498027
0,0.23197303398906421,0.2185737923931143,0.5494531736178215
0,0.4528484691455692,0.2890907987306735,0.2580607321237574
0,0.2615215882993602,0.4229787863984141,0.31549962530222575
0,0.037603585615427634,0.9455963424855548,0.016800071899017555
0,0.1499834135649174,0.2687243283454321,0.5812922580896505
0,0.6257480807981202,0.1896049309634253,0.18464698823845452
0,0.414867303102989,0.36109574292574925,0.22403695397126167
0,0.7587705923890116,0.1580141473028636,0.08321526030812484
0,0.29463287393732335,0.41247060676769587,0.29289651929498073
0,0.35942124225559646,0.37378415575248397,0.2667946019919196
0,0.3342899654271155,0.21822034721198372,0.4474896873609009
0,0.3373233653169091,0.203626251955481,0.45905038272761
0,0.3107620027564989,0.5025293084909126,0.1867086887525886
0,0.379098754112877,0.5195207361044937,0.1013805097826292
0,0.12287131813037024,0.6066878170996932,0.2704408647699365
0,0.33658516729458515,0.2949192338600885,0.3684955988453264
0,0.43003304089013816,0.3633970332635456,0.2065699258463163
0,0.42645120297693934,0.38005317080966855,0.19349562621339203
0,0.18145045053757644,0.40083262538765285,0.4177169240747708
0,0.08772246200595586,0.5224781561218523,0.3897993818721919
0,0.8128561713195963,0.02545947712902047,0.1616843515513832
0,0.06616063966850189,0.7975171051055122,0.13632225522598593
0,0.22334382023591487,0.19650533090778377,0.5801508488563013
0,0.34145687819079285,0.11754314736341202,0.5409999744457952
0,0.2803094448032307,0.5011420166831586,0.21854853851361067
0,0.39884005181575904,0.2328483288370526,0.3683116193471884
0,0.1795975767212233,0.6844361049590283,0.1359663183197483
0,0.2707318362103619,0.3334491476414349,0.3958190161482032
0,0.5162144528220529,0.32003469053847683,0.16375085663947025
0,0.23502192343532974,0.37614477284760034,0.38883330371706987
0,0.34546952087440624,0.47194484113977864,0.182585637985815
0,0.48050496895484135,0.19404886003935898,0.3254461710057997
0,0.44817831720779344,0.1596037899999476,0.39221789279225894
