target,prediction_VL_01,prediction_VL_02,prediction_VL_03
0,0.08367654898048878,0.6128666511573982,0.303456799862113
0,0.26868506628748007,0.13069720154517908,0.6006177321673408
0,0.15495478543858993,0.7643676118681353,0.08067760269327484
0,0.1536186314056283,0.6347438122005572,0.21163755639381462
0,0.5456232388692185,0.22080594068429216,0.23357082044648944
0,0.07191588979094261,0.2784150136086345,0.6496690966004229
0,0.18375062947903933,0.3580193309027631,0.45823003961819764
0,0.35503495479130304,0.33056071878499343,0.31440432642370353
0,0.3857468399775843,0.3231150908725914,0.2911380691498243
0,0.2661301120043548,0.5154657757867505,0.21840411220889455
0,0.12406073524839535,0.7653307979709484,0.11060846678065633
0,0.1355290804527428,0.4508624355848547,0.41360848396240246
0,0.10286090114834212,0.5465349185251723,0.35060418032648555
0,0.24705513511020552,0.5221673164065104,0.2307775484832842
0,0.20484756887982877,0.5704072729587508,0.22474515816142038
0,0.053187485861488464,0.5637155198096101,0.38309699432890154
0,0.08760957172436616,0.5174196435978728,0.394970784677761
0,0.3583558817369489,0.3701711185138303,0.2714729997492208
0,0.23631142914088976,0.3913624756514828,0.3723260952076274
0,0.2426994974361311,0.3962683358826838,0.36103216668118515
0,0.061784919355954565,0.5244389806101508,0.41377610003389453
0,0.28653161007538946,0.1359841592571432,0.5774842306674675
0,0.18336419541371793,0.16288564183218288,0.6537501627540991
0,0.16816169672247058,0.5075704062262377,0.3242678970512916
0,0.07571307644988294,0.1289094876239488,0.7953774359261683
0,0.32086822905462287,0.3545381631749479,0.3245936077704291
0,0.06071302272658757,0.08306733931561998,0.8562196379577925
0,0.5905743077814448,0.1239021362909025,0.2855235559276526
0,0.2696104805497798,0.48897719673905665,0.24141232271116353
0,0.7887375502586005,0.12160755413950397,0.08965489560189563
0,0.3549571135000373,0.2522524184866824,0.39279046801328027
0,0.37600447350849275,0.36322494805715705,0.2607705784343502
0,0.30038422178070384,0.41966517777016177,0.2799506004491342
0,0.5413174187887008,0.22564346263964014,0.23303911857165907
0,0.29895030462626115,0.44234724180078355,0.25870245357295535
0,0.7075955713855346,0.17069078267854737,0.12171364593591806
0,0.567128704857252,0.146991506789361,0.28587978835338695
0,0.520878707259833,0.2863446843183964,0.1927766084217707
0,0.35068841984187477,0.3620693199498309,0.28724226020829424
0,0.2518073140406015,0.5594129464498886,0.18877973950950994
0,0.5703355168866782,0.2948213379345275,0.13484314517879437
0,0.40381176295680454,0.36978912116883106,0.22639911587436443
0,0.4399039187538934,0.43311085069295774,0.1269852305531489
0,0.40620002230780444,0.3983231621581234,0.19547681553407223
0,0.6174991059919451,0.11012873143119752,0.27237216257685737
0,0.19837511391669724,0.24578409725638592,0.5558407888269169
0,0.8160443297945237,0.11108458487628471,0.07287108532919159
0,0.7666024852461621,0.07619875656608575,0.15719875818775214
0,0.8411798620992147,0.07595100332474196,0.08286913457604332
0,0.45355561832532165,0.28559906471454005,0.2608453169601383
0,0.4952746689136733,0.29558696067503215,0.2091383704112945
0,0.722858313613407,0.06550777863060757,0.21163390775598542
0,0.30219407510039153,0.35548303509602763,0.3423228898035809
0,0.18642523477300335,0.36456003393220343,0.4490147312947932
0,0.24313226037638755,0.31607007008119675,0.4407976695424158
0,0.558017716648558,0.21783326044108264,0.22414902291035932
0,0.09153948834270564,0.5748869826023301,0.3335735290549642
0,0.15616971014974732,0.5915910643511904,0.2522392254990624
0,0.49334558695848013,0.3039838119083319,0.20267060113318788
0,0.028374073152837062,0.7632027863435059,0.20842314050365696
0,0.3473655477877501,0.4860420818810491,0.1665923703312008
0,0.27609992019907764,0.3570361633237086,0.3668639164772138
0,0.26710798229584054,0.1793811454711395,0.55351087223302
0,0.33016407152913146,0.36880689483481777,0.3010290336360509
0,0.1842101389272023,0.39854932875382854,0.417240532318969
0,0.2075850669507988,0.44381013045711243,0.34860480259208876
0,0.5062044180944897,0.3368163529747406,0.15697922893076965
0,0.3425656922182105,0.37107081744410125,0.2863634903376883
0,0.17423108210331417,0.07495040378092296,0.750818514115763
0,0.28972112606610545,0.49528718299628416,0.21499169093761047
0,0.7393960432020494,0.18500707638967184,0.07559688040827872
0,0.658525760476377,0.2423246352095228,0.0991496043141001
0,0.4037917491703166,0.3360045120189369,0.26020373881074654
0,0.4110843294130893,0.12988097255006167,0.4590346980368491
0,0.5558034491305858,0.18782153010452698,0.2563750207648873
0,0.3688790802188662,0.4253620962283175,0.20575882355281636
0,0.14259069039615585,0.32158440273922917,0.5358249068646149
0,0.1883847374944234,0.5374297191071419,0.27418554339843476
0,0.2209647908818011,0.4497151745415077,0.3293200345766912
0,0.5997118538520776,0.17929024699841256,0.2209978991495099
0,0.6074860078741287,0.14777371652515903,0.2447402756007124
0,0.28795007127319544,0.41977677393025203,0.2922731547965525
0,0.3065357636435113,0.28439164195887784,0.4090725943976108
0,0.7104058717234483,0.13900668351730103,0.15058744475925062
0,0.3726940325871436,0.18475071618147593,0.4425552512313805
0,0.2945776346184032,0.12203396329039828,0.5833884020911986
0,0.4209990988127719,0.24189489980324896,0.337106001383979
0,0.29661368747563127,0.3981890784978329,0.3051972340265358
0,0.2146349227489496,0.4744229973812376,0.3109420798698129
0,0.14410871124021857,0.38431822643386976,0.4715730623259117
0,0.14160981113917182,0.6254550568831796,0.23293513197764862
0,0.0712140125419418,0.6488411474688599,0.2799448399891982
0,0.16876499093794517,0.5281177686796914,0.30311724038236354
0,0.2216904359613594,0.3970074942369554,0.3813020698016852
0,0.06980665903134017,0.2992039681849857,0.6309893727836742
0,0.3872144625964837,0.1026229490464833,0.5101625883570331
0,0.09382634132974758,0.10742352284095648,0.7987501358292959
0,0.11113988906710548,0.27701667476834513,0.6118434361645494
0,0.3088411143531175,0.17099154915778342,0.5201673364890992
0,0.15287133093978214,0.39335694162596774,0.4537717274342501
0,0.26517986520764103,0.2527968849406259,0.48202324985173306
0,0.19774425315289954,0.4489695507862294,0.35328619606087114
0,0.677840353270494,0.16306379518927624,0.15909585154022984
0,0.5393567337106673,0.2924414666916532,0.16820179959767956
0,0.034458218481522696,0.08404777368557964,0.8814940078328976
0,0.15456459190802257,0.2074893107796103,0.6379460973123672
0,0.04748704652699416,0.6024299846254025,0.3500829688476033
0,0.09079219739652096,0.22767830238856696,0.6815295002149121
0,0.37068270684001425,0.2632496711787475,0.3660676219812382
0,0.3067693578577592,0.2674996185682502,0.4257310235739907
0,0.23540890192665348,0.505913975499975,0.25867712257337155
0,0.39737490839253886,0.4715729195277992,0.131052172079662
0,0.17616595189106693,0.47545112845365006,0.3483829196552829
0,0.20503978823911673,0.30847954407232464,0.4864806676885585
0,0.12477231567672115,0.354006100631108,0.5212215836921709
0,0.34432361234438297,0.2872884965752875,0.3683878910803296
0,0.2770626506159902,0.10070810934928855,0.6222292400347212
0,0.7007300277442776,0.07456397712849741,0.22470599512722494
0,0.4635043779316818,0.3407740245425541,0.19572159752576404
0,0.23226002489108952,0.2758706230554549,0.49186935205345556
0,0.42003287214566387,0.24055273555898055,0.3394143922953556
0,0.2573567105473298,0.24769130495956776,0.49495198449310257
0,0.13383027991237229,0.37196690066666616,0.4942028194209616
0,0.3793525088313752,0.46251374444100185,0.158133746727623
0,0.5882803745435332,0.09628647104976344,0.31543315440670333
0,0.5390436047990996,0.14009808374198907,0.32085831145891125
0,0.07015051028249476,0.795256805777197,0.1345926839403083
0,0.48578964876526204,0.12838612661063914,0.3858242246240989
0,0.08749647126699155,0.4582077134529323,0.454295815280076
0,0.13509770083235786,0.5115721505700854,0.35333014859755674
0,0.38137508748847426,0.39083012460150796,0.2277947879100179
0,0.14136786606433746,0.37061952680435484,0.48801260713130773
0,0.2193938034621827,0.3741858499555921,0.4064203465822251
0,0.0611444647065333,0.21467692131149918,0.7241786139819675
0,0.09279783224479135,0.13773420114542387,0.7694679666097848
0,0.19622517668462358,0.27630714173375476,0.5274676815816216
0,0.26653933404483254,0.42125067074045,0.3122099952147175
0,0.594707249508506,0.31219569792080043,0.09309705257069373
0,0.3767382342092288,0.2708093339648993,0.3524524318258717
0,0.41021857187587635,0.40420073154774666,0.1855806965763771
0,0.10828223675542945,0.5107814862841027,0.3809362769604679
0,0.19456993131888828,0.6277647029314323,0.17766536574967934
0,0.13939232083893072,0.43980617417612006,0.4208015049849493
0,0.4498538957778024,0.24107213099154412,0.3090739732306535
0,0.12369176874794222,0.6866652340954501,0.1896429971566077
0,0.3617651381755081,0.2706095362702973,0.3676253255541946
0,0.18634332151086122,0.5865836682214498,0.22707301026768886
0,0.10472786483291627,0.5178271138090362,0.3774450213580475
0,0.1164550152260508,0.43482690985139594,0.4487180749225532
0,0.16017897398152467,0.1362527243852303,0.7035683016332449
0,0.16447961941086975,0.18289429156743772,0.6526260890216925
0,0.10347202002262523,0.7583485651430959,0.13817941483427884
0,0.23032010085591045,0.2888912208779005,0.4807886782661891
0,0.26532187052445905,0.2845341892106558,0.450143940264885
0,0.22513865774594216,0.27193792210246104,0.5029234201515967
0,0.7115186718145314,0.13377728231035926,0.15470404587510914
0,0.39459795488033483,0.3687524347141678,0.23664961040549742
0,0.1185689907867469,0.740827755537128,0.14060325367612517
0,0.1939836818059634,0.49277890113919853,0.31323741705483804
0,0.3721316897788659,0.4140433372857601,0.21382497293537397
0,0.5330419735756965,0.18264975078433734,0.28430827563996613
0,0.3450515068063705,0.4434966123490074,0.21145188084462213
0,0.2279876508793017,0.3048750370490544,0.46713731207164405
0,0.2642144879859804,0.3312149260425857,0.40457058597143386
0,0.41902239917875644,0.3876314777198826,0.1933461231013609
0,0.7420090657165226,0.0894737707965204,0.16851716348695692
0,0.16881858695344842,0.5724273451906884,0.2587540678558632
0,0.18410439324924957,0.2396952393706942,0.5762003673800562
0,0.1686350210801565,0.7089733248029862,0.12239165411685717
0,0.17733726951869763,0.5058359723653125,0.3168267581159898
0,0.10632111611257429,0.7556459235427927,0.13803296034463294
0,0.06761836149457612,0.18533254747299854,0.7470490910324253
0,0.44704699448079976,0.23427771964060262,0.31867528587859756
0,0.38729301670946426,0.07963675706601209,0.5330702262245236
0,0.12376046316658136,0.42363496667230605,0.45260457016111255
0,0.30697290227572693,0.47485528578097363,0.2181718119432995
0,0.14867566181471528,0.6430984265244868,0.2082259116607978
0,0.3286562198495467,0.3965235228628913,0.274820257287562
0,0.23805646882751574,0.47192772694746427,0.29001580422502005
0,0.1153570559528626,0.4719363584474767,0.4127065855996606
0,0.06326161654385157,0.5781106908228182,0.3586276926333303
0,0.32916538207681906,0.39625685105354186,0.27457776686963914
0,0.6158353542381713,0.05973884305498844,0.32442580270684024
0,0.10982604972647789,0.5574184340592229,0.33275551621429933
0,0.23469198048094808,0.5492835084130439,0.216024511106008
0,0.09111608153682098,0.39567332124786686,0.5132105972153121
0,0.2820014440485078,0.5023899544552713,0.215608601496221
0,0.41345311771294446,0.12687087095913807,0.4596760113279175
0,0.4503762658617967,0.34550594856517025,0.204117785573033
0,0.14913959039380995,0.44173289320307013,0.40912751640312006
0,0.2547030061849017,0.42505888055697394,0.3202381132581243
0,0.15135912308864746,0.4251616060145281,0.4234792708968244
0,0.5090934736868632,0.21133768890212942,0.2795688374110074
0,0.3905467955586812,0.28222777736901256,0.32722542707230634
0,0.23228383309376227,0.47768956455548406,0.2900266023507537
0,0.231520726234283,0.4851962351635638,0.2832830386021532
0,0.20135452617265084,0.5426846658527603,0.25596080797458887
0,0.21593089495212872,0.5078102220237458,0.2762588830241254
0,0.22641470442350412,0.41872272003654104,0.35486257553995487
0,0.4881834486956455,0.24409675304079007,0.2677197982635644
0,0.4460720144273307,0.18695471247417336,0.36697327309849587
0,0.4259175798944368,0.38549059341926406,0.18859182668629906
0,0.298091812908206,0.5002264880047674,0.20168169908702652
0,0.3137369118045276,0.2304850748911582,0.45577801330431406
0,0.2582699959159593,0.4893703184425696,0.2523596856414711
0,0.6876715681376336,0.19388319585926408,0.11844523600310232
0,0.12474696909177248,0.20592463278949966,0.6693283981187278
0,0.11287656275383871,0.09696150118135864,0.7901619360648027
0,0.19088171111426594,0.2581944691969719,0.5509238196887621
0,0.06948194064861006,0.6979179015871531,0.23260015776423687
0,0.060019688800079914,0.38535164641515673,0.5546286647847634
0,0.8237272707283025,0.09804983776318357,0.07822289150851391
0,0.6973694525974613,0.12789454062230865,0.17473600678023002
0,0.35357413310658936,0.2605732907066914,0.38585257618671925
0,0.489134107984817,0.3175241537052443,0.19334173830993856
0,0.6638632803182131,0.1507290425763863,0.18540767710540054
0,0.12381083831509034,0.4065501662566157,0.46963899542829396
0,0.11976942983705743,0.7552669376255883,0.12496363253735426
0,0.25600547175738125,0.420061439473194,0.32393308876942484
0,0.31561573070705173,0.347503015794046,0.33688125349890224
0,0.38200899943849315,0.29080472710589816,0.32718627345560863
0,0.34308935618810316,0.45423827220642354,0.20267237160547324
0,0.3674327924503234,0.4514883589296332,0.1810788486200435
0,0.09933893441990756,0.2659975707388212,0.6346634948412713
0,0.30934265873779837,0.22098325019753556,0.4696740910646662
0,0.39585085125167513,0.36901946599889635,0.2351296827494285
0,0.19100747913745506,0.24173088871396609,0.5672616321485788
0,0.36219071735233743,0.48527066959413845,0.15253861305352417
0,0.1393712346701599,0.20629805090205156,0.6543307144277886
0,0.43449542595978596,0.37477433445448405,0.19073023958573
0,0.857632138765359,0.05606584831123994,0.08630201292340094
0,0.4775270970414331,0.3732242329383412,0.14924867002022565
0,0.5680373552651101,0.3317492331170772,0.10021341161781266
0,0.5942881472389105,0.2124896269767665,0.19322222578432302
0,0.08292239784517022,0.08458043736103112,0.8324971647937986
0,0.35544633435309647,0.21293782983812273,0.43161583580878077
0,0.2210597331754962,0.38599544217456216,0.3929448246499416
0,0.1956422450845504,0.41239623290763566,0.391961522007814
0,0.1227356486539282,0.2448224626427234,0.6324418887033484
0,0.24735528027797213,0.269113681879638,0.4835310378423899
0,0.3106233208420879,0.36266933204277185,0.32670734711514016
0,0.4089063453097064,0.1629322310624023,0.42816142362789134
0,0.25802898558459264,0.46919219386583577,0.2727788205495716
0,0.15849695132343083,0.2580845531785641,0.5834184954980051
0,0.05628494220732985,0.6129255846577106,0.3307894731349595
0,0.1385020791495992,0.37906044218595425,0.48243747866444653
0,0.26956860647010256,0.35010288855187804,0.38032850497801945
0,0.06902119352911656,0.20371611313377416,0.7272626933371092
0,0.16475047522182026,0.3800658250233779,0.45518369975480194
0,0.7393129350262968,0.12753607322615015,0.13315099174755313
0,0.07747604379438683,0.7590603145089655,0.16346364169664762
0,0.3340434927868806,0.31578619478461717,0.35017031242850216
0,0.19510103299659431,0.4313775853340501,0.37352138166935556
0,0.11677086479886817,0.5965733653814028,0.286655769819729
0,0.31479194994860016,0.3698035570297599,0.31540449302163986
0,0.6062059831885872,0.2742563714756566,0.11953764533575616
0,0.49567226139009307,0.2823676359301442,0.22196010267976274
0,0.5448838746163391,0.21675797159061358,0.2383581537930472
0,0.18609164055371563,0.3268463288811701,0.4870620305651143
0,0.48936854471112284,0.3210905709996666,0.18954088428921056
0,0.11784891557293989,0.42035126877722784,0.4617998156498324
0,0.43327554575295013,0.20362054154583764,0.36310391270121223
0,0.3598384031006982,0.25034120773624613,0.38982038916305567
0,0.11826979212863879,0.16544898496766575,0.7162812229036956
0,0.3044308860838455,0.3643327318112,0.33123638210495454
0,0.7619558315603783,0.05304744507083843,0.1849967233687833
0,0.10200270418908547,0.6596165821823473,0.23838071362856716
0,0.03437108244175656,0.862346531995223,0.1032823855630205
0,0.5772602613713516,0.1975908076870978,0.22514893094155058
0,0.28135592447447333,0.4195522681388837,0.2990918073866431
0,0.48301444563612667,0.38403950030860873,0.1329460540552646
0,0.19408927915839722,0.5960063941737188,0.209904326667884
0,0.2956385774873865,0.575008909300265,0.12935251321234853
0,0.18816194514806556,0.5922769715193713,0.2195610833325631
0,0.39341591753282246,0.20706078953317103,0.39952329293400646
0,0.6998713848589868,0.17134350432554635,0.12878511081546692
0,0.23546344200659103,0.46844122859267,0.2960953294007389
0,0.04355170185666526,0.8373582327295742,0.11909006541376042
0,0.29967259832439225,0.29281094187436135,0.40751645980124646
0,0.2710272169675373,0.2123451095502521,0.5166276734822106
0,0.13274559210161202,0.4109434135951122,0.4563109943032758
0,0.4179644878276428,0.3020502500828262,0.27998526208953106
0,0.16738190834657174,0.4520300428874568,0.3805880487659714
0,0.4052904569283048,0.23236461097687694,0.3623449320948184
0,0.22156853854997177,0.31351576663213016,0.4649156948178982
0,0.1606680759186569,0.278986837185476,0.560345086895867
0,0.35060929839653826,0.11448660284186409,0.5349040987615976
0,0.3297701796587484,0.42998679088871383,0.24024302945253773
0,0.21430189397060453,0.2947332283336533,0.4909648776957423
0,0.15759018959743318,0.46930989386091554,0.3730999165416512
0,0.3843207024052664,0.2825283769030435,0.33315092069169017
0,0.1681814767562403,0.366403356937892,0.4654151663058676
0,0.14699556339490372,0.3283294163670088,0.5246750202380875
0,0.3351695190766898,0.25632827207403047,0.40850220884927974
0,0.11785899473841104,0.4652782608054262,0.4168627444561628
0,0.1746987863611647,0.4018916674970445,0.42340954614179077
0,0.24662626011132113,0.47381328288916574,0.27956045699951304
0,0.14447153431106574,0.43841876634208116,0.4171096993468532
0,0.24954284833608428,0.34785086751602023,0.40260628414789545
0,0.45797110532227187,0.25469550039363154,0.28733339428409643
0,0.509031268243963,0.2930050980941022,0.19796363366193476
0,0.3079830393211249,0.5620280886693263,0.12998887200954884
0,0.2993450321565646,0.42740663627270353,0.273248331570732
0,0.3760420164130453,0.37311664409728734,0.25084133948966736
0,0.1828991674805839,0.3237558574922141,0.4933449750272021
0,0.07614926814228032,0.26530145373624403,0.6585492781214757
0,0.12382482688704657,0.43259498267820545,0.44358019043474795
0,0.39614475536453025,0.35525170411589957,0.24860354051957026
0,0.3565510411637376,0.3909637536002992,0.25248520523596313
0,0.31888769883282886,0.37324702712018365,0.3078652740469876
0,0.49577664285584644,0.37249845072825316,0.13172490641590046
0,0.2298635283298683,0.26773241582650786,0.5024040558436238
0,0.26836061350698637,0.3874420267767575,0.3441973597162561
0,0.11817650718523956,0.7128960594181484,0.168927433396612
0,0.41142512813389764,0.349846112227304,0.2387287596387984
0,0.4350958385328157,0.16653002443492657,0.39837413703225777
0,0.246821364611471,0.31096153272244376,0.44221710266608527
0,0.1833451523447238,0.49346467792446747,0.3231901697308087
0,0.17990472131060528,0.5758387311103391,0.24425654757905563
0,0.6859931022702982,0.2614467910895782,0.052560106640123685
0,0.19004603287116908,0.4901380802308098,0.31981588689802104
0,0.20173252937259722,0.39955025960705465,0.3987172110203481
0,0.3227639184099633,0.5280459171414884,0.14919016444854832
0,0.38314809458625965,0.40467249462931126,0.2121794107844291
0,0.2562439998804863,0.43754516115446135,0.3062108389650524
0,0.19115596562440373,0.310574191923067,0.49826984245252925
0,0.5285817865086639,0.25137258987405253,0.22004562361728347
0,0.6470765228632566,0.1910657959885364,0.16185768114820712
0,0.250060806500618,0.19947914605634798,0.550460047443034
0,0.4792340945905001,0.18610891088201342,0.33465699452748665
0,0.36774330206230577,0.21252669857110784,0.4197299993665863
0,0.7020817266889117,0.15836553746274026,0.13955273584834804
0,0.21615359799132397,0.5950677302256696,0.1887786717830063
0,0.28599212546095404,0.6512612277699827,0.0627466467690633
0,0.3633606588912275,0.3378950205822014,0.29874432052657107
0,0.5907795785476821,0.1443747452188085,0.2648456762335093
0,0.4521943376560845,0.22161379683056245,0.326191865513353
0,0.08616655597544128,0.37216589413156625,0.5416675498929925
0,0.29166309409137475,0.4101159286734728,0.29822097723515245
0,0.4378320680532536,0.36079560774143166,0.2013723242053148
0,0.16099573486045965,0.5891671148146241,0.24983715032491627
0,0.2804821348998855,0.38519638077001556,0.33432148433009895
0,0.293372792850498,0.5874297183668791,0.11919748878262294
0,0.13787126025679378,0.6343286889639083,0.22780005077929794
0,0.07298244304474491,0.1996897737257524,0.7273277832295028
0,0.13086092279744907,0.32701960249131623,0.5421194747112347
0,0.15759434448718682,0.7286945587025875,0.11371109681022569
0,0.11733261932177969,0.6709359462276627,0.21173143445055764
0,0.17182437669493694,0.4451782224205648,0.3829974008844983
0,0.061999212346729,0.6500924761837391,0.2879083114695319
0,0.15708423595183152,0.6927737686140821,0.15014199543408632
0,0.13367510178674724,0.3876646444418172,0.4786602537714357
0,0.4644431095279385,0.25721622124128696,0.2783406692307745
0,0.6151334219461952,0.15292365515889772,0.23194292289490698
0,0.11025981846574508,0.6058304891738998,0.283909692360355
0,0.5266391296472628,0.2052445834213924,0.26811628693134476
0,0.34883933850161847,0.2535573104942226,0.397603351004159
0,0.08051340894152076,0.6949023941941089,0.22458419686437028
0,0.17131485150246734,0.2761724188599164,0.5525127296376163
0,0.5556209562797848,0.2687373344694302,0.17564170925078507
0,0.2636144213470402,0.2613397245217702,0.4750458541311896
0,0.3281062804457549,0.28156050840313745,0.39033321115110764
0,0.39144415494714846,0.42110370107821865,0.18745214397463286
0,0.1119795293798646,0.4881100247142736,0.39991044590586167
0,0.3044557690541942,0.2255018878661009,0.4700423430797049
0,0.30689704156276537,0.3831372491094787,0.30996570932775597
0,0.363686387064208,0.22431252911266356,0.4120010838231285
0,0.12152694747596837,0.6652479001717436,0.21322515235228806
0,0.05591296003285201,0.8612951359078638,0.08279190405928424
0,0.20074042464193145,0.4112441852545695,0.388015390103499
0,0.15807105347452077,0.3873232172048861,0.454605729320593
0,0.41261052095329115,0.2458276484452388,0.3415618306014701
0,0.40608074247457315,0.10547557436911859,0.48844368315630826
0,0.35441480829256966,0.13294898885941678,0.5126362028480136
0,0.06617703355107628,0.2855117688914596,0.648311197557464
0,0.15561471310872585,0.5545238265603389,0.28986146033093513
0,0.30863263006964375,0.33853766607263763,0.3528297038577187
0,0.21107085464034922,0.603177728832145,0.18575141652750565
0,0.42341818725546526,0.2491142710088992,0.32746754173563547
0,0.19439622001377788,0.5532128408337857,0.2523909391524364
0,0.5631472960598098,0.1729359540915551,0.2639167498486351
0,0.431466044060745,0.42605893924783755,0.1424750166914174
0,0.09999962274042719,0.6118470897921682,0.28815328746740465
0,0.09093976314865712,0.23389249405894913,0.6751677427923938
0,0.3753530960601457,0.43792941447140044,0.18671748946845382
0,0.22154974936612762,0.4427923743226111,0.33565787631126137
0,0.7248932349435409,0.10448369476939041,0.17062307028706883
0,0.4266533591299937,0.17328760378929917,0.4000590370807071
0,0.2774126860734156,0.6473537225546238,0.07523359137196058
0,0.1586498537722778,0.3831428455437804,0.4582073006839419
0,0.1355383474949279,0.5536852648457714,0.3107763876593007
0,0.10539531808134714,0.49696748931019386,0.39763719260845903
0,0.7890504232490461,0.10133249166997667,0.10961708508097727
0,0.3837511465410284,0.27700978985808217,0.3392390636008894
0,0.40568372954366555,0.17224222061276256,0.422074049843572
0,0.47758404118435027,0.1603698753304504,0.36204608348519923
0,0.16604461173815466,0.6561579549032682,0.1777974333585772
0,0.7028370880445198,0.08297926194310848,0.21418365001237166
0,0.3706708907306483,0.35783408163558644,0.2714950276337652
0,0.448640477285085,0.19290204854374612,0.3584574741711689
0,0.28973855155634737,0.16932817858450055,0.5409332698591521
0,0.5355410743808807,0.2433881778553955,0.22107074776372387
0,0.6704055068534052,0.16831372116071744,0.16128077198587723
0,0.19609293720501478,0.4863878922039,0.31751917059108525
0,0.2865851601596712,0.31244141147655013,0.4009734283637786
0,0.08724489384870512,0.6070495659820532,0.3057055401692416
0,0.20079323081005207,0.4502419335579751,0.3489648356319727
0,0.2030458788563176,0.63701400344084,0.1599401177028423
0,0.3436500767118218,0.4796552934670897,0.17669462982108855
0,0.3831170751871216,0.3500954563959047,0.2667874684169737
0,0.16309888104182144,0.4301640468853393,0.4067370720728393
0,0.08905025673653166,0.6724961364143982,0.23845360684907008
0,0.37104972998719826,0.38080077912151805,0.24814949089128369
0,0.18644892290442233,0.3179090798013177,0.49564199729426
0,0.2547122275263268,0.5344981981766608,0.21078957429701242
0,0.5192799811605343,0.22590596160979548,0.2548140572296702
0,0.19199741861711797,0.390078074009632,0.41792450737325
0,0.13569909144775236,0.27633517952002784,0.5879657290322199
0,0.10225478641502807,0.6842593402760048,0.21348587330896718
0,0.0856612381024952,0.6639793976501766,0.2503593642473282
0,0.17267329442001123,0.667274032625928,0.16005267295406073
0,0.3841501545609905,0.2462992949832603,0.3695505504557492
0,0.17214671911106877,0.34125379934782746,0.48659948154110383
0,0.15113225813958747,0.24969251475136942,0.5991752271090431
0,0.20628876853408698,0.4836247141971479,0.3100865172687651
0,0.13339770612570434,0.4220833905294085,0.44451890334488714
0,0.23449615868130255,0.16237149212518123,0.6031323491935162
0,0.351735503172982,0.17617241443337112,0.47209208239364675
0,0.43093490598944784,0.2848746840737079,0.2841904099368443
0,0.21289889802869688,0.32777350525642424,0.45932759671487894
0,0.32040591434146193,0.38064011704964823,0.29895396860888984
0,0.21382407616178428,0.3116552768901603,0.4745206469480555
0,0.3973994748985366,0.3457566541117483,0.2568438709897151
0,0.28685080016659525,0.2988143797206608,0.414334820112744
0,0.267824599562727,0.5564040530888782,0.17577134734839497
0,0.558449600131197,0.21817331474171506,0.22337708512708787
0,0.14598807234254005,0.5854254980490805,0.26858642960837964
0,0.40112054688539056,0.37880180541048253,0.22007764770412686
0,0.47913142336027664,0.36229085355446844,0.15857772308525495
0,0.22665941213163024,0.2035472366993421,0.5697933511690276
0,0.07139646735822686,0.7231207709168143,0.20548276172495888
0,0.5470024014056415,0.1714757021684027,0.2815218964259558
0,0.2657064752766243,0.338040941492084,0.3962525832312917
0,0.2675981555821502,0.41002144269517254,0.32238040172267735
0,0.19671589175328544,0.4717599329086339,0.33152417533808076
0,0.6154787304330237,0.1274050381339842,0.25711623143299217
0,0.29507358781879733,0.4803443345111453,0.2245820776700574
0,0.42255652947459676,0.39892211633062163,0.1785213541947816
0,0.12389690894361094,0.46950667838864624,0.406596412667743
0,0.36414464553412507,0.2946412953452786,0.3412140591205963
0,0.1914529611454318,0.36383708931844605,0.44470994953612225
0,0.3486289960501048,0.2682347233805962,0.383136280569299
0,0.32223747073418696,0.3047695536234589,0.3729929756423542
0,0.25917415133358856,0.366529730161066,0.3742961185053454
0,0.30857655693837815,0.22643444229297713,0.4649890007686448
0,0.5344217052485916,0.3296890784724444,0.13588921627896391
0,0.14860920667250524,0.17877437677186125,0.6726164165556335
0,0.12326895540839625,0.39305317688487207,0.48367786770673166
0,0.5112432745229045,0.057191090983423204,0.4315656344936723
0,0.2104591850051743,0.12552744664293053,0.6640133683518953
0,0.30500784424526745,0.3008088985869679,0.39418325716776476
0,0.380699304020627,0.39029767717314506,0.2290030188062279
0,0.260950738367842,0.2566907018633903,0.4823585597687676
0,0.1757456908625386,0.37855646343506005,0.4456978457024013
0,0.07890454869409036,0.718973732442936,0.2021217188629736
0,0.13723073728432625,0.7142417057160627,0.14852755699961104
0,0.3000648016929726,0.17917892155033233,0.520756276756695
0,0.20551584948788687,0.11909750785098035,0.6753866426611328
0,0.368478563647608,0.2375341241593358,0.39398731219305627
0,0.8653187266808781,0.08599259227990863,0.04868868103921332
0,0.4656363911389932,0.3621184847581534,0.17224512410285356
0,0.2178091932704148,0.23349833388824479,0.5486924728413405
0,0.508181648012795,0.13934311236647454,0.35247523962073046
0,0.24813707728584422,0.2094807712538015,0.5423821514603543
0,0.3947850981201259,0.24924294425593954,0.3559719576239346
0,0.29681269540261485,0.4237666834504139,0.2794206211469713
0,0.23065635084479202,0.2258297430025088,0.5435139061526992
0,0.4892211489598402,0.2280173601223976,0.28276149091776226
0,0.5576586973795102,0.2650997598934588,0.17724154272703097
0,0.25203439140203004,0.37639116960009794,0.371574438997872
0,0.569347994743265,0.1365477572110738,0.29410424804566115
0,0.2940630865232577,0.31715827434884947,0.3887786391278928
0,0.6434866771719385,0.22820065364377987,0.12831266918428155
0,0.28115619110847784,0.26908041550942713,0.449763393382095
0,0.17550112556953892,0.19950940540364742,0.6249894690268136
0,0.28857225317935004,0.49124431426672294,0.22018343255392697
0,0.6397207497498036,0.2638131826358523,0.09646606761434401
0,0.09227783140543548,0.44761903931816815,0.4601031292763962
0,0.5699354135028005,0.12708499249064334,0.30297959400655616
0,0.2999790909562507,0.3892574541188971,0.3107634549248523
0,0.42227454092233313,0.3246512901755234,0.25307416890214346
0,0.5831219550713651,0.15832475839840768,0.25855328653022713
0,0.24287942331719992,0.34876543901930296,0.40835513766349724
0,0.0891308932212564,0.655373674212036,0.25549543256670754
0,0.17039086098420186,0.6099825718304651,0.219626567185333
0,0.2524537394318413,0.49287383345602326,0.2546724271121354
0,0.058108526049610865,0.5949377386519915,0.34695373529839757
0,0.1163562030280367,0.2473093008843454,0.6363344960876179
0,0.4465049337401302,0.26854983435783114,0.28494523190203863
0,0.14756814371891092,0.580441761416434,0.2719900948646551
0,0.2528674535189895,0.37099254397979026,0.37614000250122026
0,0.3379972921862891,0.4638957541464738,0.19810695366723716
0,0.31627383938384285,0.5383721868182286,0.14535397379792853
0,0.43506023977122255,0.21317671860943357,0.3517630416193439
0,0.5779230546556264,0.20340954694567753,0.218667398398696
0,0.250493637669897,0.6442304448233475,0.10527591750675569
0,0.31043154208534035,0.5026228125324095,0.18694564538225023
0,0.30553417688368595,0.5978490569374817,0.0966167661788324
0,0.4950211268068676,0.26088161942911864,0.24409725376401378
0,0.6756338377833931,0.173300453479577,0.15106570873702982
0,0.2825393790119048,0.20840729689468981,0.5090533240934053
0,0.3749749851202741,0.27813996107280314,0.34688505380692275
0,0.16834582865389516,0.14717697327373483,0.68447719807237
0,0.26963096841556616,0.3185262073632069,0.4118428242212269
0,0.49708431025135336,0.18638283330510227,0.3165328564435443
0,0.2989120422971577,0.3003846297659251,0.40070332793691726
0,0.45748516891784663,0.26417338798919704,0.2783414430929563
0,0.5437929549926616,0.27682615586657355,0.1793808891407649
0,0.1847405451999078,0.3818029481816025,0.4334565066184897
0,0.6969048994138893,0.2501301042725745,0.05296499631353627
0,0.425135651801975,0.1525730666726607,0.4222912815253643
0,0.0993317945266021,0.5035876429526478,0.39708056252075025
0,0.08503847489254406,0.5289465384186405,0.3860149866888155
0,0.337714292549986,0.19446930557946399,0.46781640187055
0,0.15019959820229803,0.22118746511738321,0.6286129366803187
0,0.33744069929059073,0.37559928350466143,0.2869600172047478
0,0.25749690693797656,0.10168136823329581,0.6408217248287276
0,0.34296889000141384,0.20092375518043254,0.4561073548181537
0,0.213080142041471,0.2779535236985433,0.5089663342599857
0,0.3916211309929472,0.2220559057804111,0.38632296322664167
0,0.12931066404237068,0.265225045831479,0.6054642901261503
0,0.24292179264891114,0.2598901344030129,0.49718807294807593
0,0.21588142181484343,0.20788830403398406,0.5762302741511725
0,0.4692140934872869,0.1555834489272184,0.3752024575854948
0,0.33269747564363006,0.28655731899491776,0.3807452053614521
0,0.517095070364315,0.19984571350154376,0.2830592161341412
0,0.3345725202114203,0.10057740129202557,0.5648500784965541
0,0.3863020569809248,0.13797241159449825,0.4757255314245769
0,0.7917537428541042,0.06534059023785324,0.14290566690804263
0,0.22842909651684762,0.5578184883416639,0.21375241514148846
0,0.22477243141411452,0.2721479471222849,0.5030796214636005
0,0.26162158599106294,0.219839279909837,0.5185391340991
0,0.36874992079722535,0.36693226205215146,0.26431781715062314
0,0.18855074821414639,0.6225510555731789,0.18889819621267473
0,0.24881578292134837,0.5855799080682598,0.16560430901039186
0,0.22927594920750158,0.48186591413207497,0.2888581366604234
0,0.35142736484532605,0.07720784861239598,0.571364786542278
0,0.5592235011165828,0.17270573600197994,0.2680707628814373
0,0.3726153110368401,0.1991036494864853,0.4282810394766746
0,0.2380832458097941,0.41875985958440043,0.34315689460580556
0,0.12371886760831192,0.42423096977582425,0.45205016261586395
0,0.20792116581969097,0.10579070343573461,0.6862881307445744
0,0.28196569130112403,0.21322639310433447,0.5048079155945415
0,0.4120284990522445,0.2273503897350843,0.36062111121267115
0,0.377217373853773,0.3790147533475339,0.24376787279869316
0,0.2497349903214477,0.3016478184417567,0.4486171912367955
0,0.21736639800120003,0.48170328033826937,0.3009303216605306
0,0.3739071405902941,0.2566695834644919,0.36942327594521396
0,0.3085317099206013,0.4119454964690449,0.27952279361035387
0,0.2377953786819316,0.42195152358176957,0.34025309773629875
0,0.43551875399169854,0.20773276861138576,0.35674847739691573
0,0.3416713727919522,0.2508776202952262,0.4074510069128216
0,0.3318902320929509,0.4015656961530261,0.266544071754023
0,0.3027894816624479,0.3133145997156172,0.38389591862193484
0,0.19440779982587228,0.42376352858851385,0.3818286715856139
0,0.4006604384058738,0.2784687801018375,0.32087078149228865
0,0.5400633260321149,0.16487835331888576,0.29505832064899934
0,0.46085087166045424,0.09176097279401882,0.4473881555455269
0,0.22879817400196625,0.3599941348544344,0.41120769114359934
0,0.44381089892253484,0.3297284775958011,0.226460623481664
0,0.2758857098597376,0.6131949371210811,0.11091935301918132
0,0.3255868342212489,0.32323270770323065,0.3511804580755204
0,0.3734973725563331,0.32549371168878205,0.3010089157548848
0,0.5154897829217906,0.2241353160078063,0.26037490107040306
0,0.30810537218109296,0.169966702793036,0.521927925025871
0,0.04885527555773084,0.5958021652374638,0.35534255920480534
0,0.2964769970193716,0.43763135132817554,0.2658916516524527
0,0.34311838837833936,0.2783696047561565,0.3785120068655042
0,0.42285001543627354,0.4185904310945518,0.15855955346917458
0,0.20434329800511142,0.21111506961637305,0.5845416323785155
0,0.49252712638944324,0.4629577352538923,0.04451513835666434
0,0.22143398556768418,0.3914808786655022,0.3870851357668137
0,0.19460054077410532,0.31139210862168404,0.49400735060421064
0,0.15901556046712184,0.4432777759665563,0.3977066635663217
0,0.34659153955611327,0.2484073188007374,0.4050011416431494
0,0.3438626430713657,0.10970261527756568,0.5464347416510685
0,0.21652473275007758,0.5938469400058647,0.18962832724405773
0,0.17398305906561218,0.7580496475781516,0.06796729335623616
0,0.626763879517978,0.15314941789024555,0.22008670259177648
0,0.4206601464184181,0.3876708690388298,0.1916689845427521
0,0.6337051123022499,0.08206872706360761,0.28422616063414247
0,0.2679342080892962,0.4204862387986628,0.31157955311204094
0,0.20254882207207908,0.28340013296215794,0.5140510449657629
0,0.438459327401246,0.42368635090127277,0.1378543216974813
0,0.47370838236862634,0.34441087491303407,0.18188074271833968
0,0.21693633512396268,0.216369278315101,0.5666943865609364
0,0.45003343765623877,0.3716861228307544,0.17828043951300684
0,0.28204228830805594,0.5527791322088483,0.16517857948309578
0,0.1929520852491429,0.4054923985339755,0.40155551621688157
0,0.6583019227598716,0.1584732982679277,0.18322477897220066
0,0.36834050432828463,0.3809666812282987,0.25069281444341673
0,0.13897596018496164,0.579201489761606,0.2818225500534324
0,0.10080901259231838,0.5264750134157465,0.37271597399193507
0,0.484409110034641,0.19599390832604888,0.31959698163931016
0,0.3326321232120142,0.5321571226867784,0.13521075410120728
0,0.23638031592292358,0.6463605697128313,0.1172591143642451
0,0.08170351321512864,0.25031780647809004,0.6679786803067814
0,0.19599046880818802,0.6208052395653616,0.1832042916264503
0,0.15162823880014661,0.3308695598103699,0.5175022013894834
0,0.2750448199728655,0.08120817202850052,0.6437470079986339
0,0.1601494127938891,0.43607193959644436,0.4037786476096664
0,0.20488018229433902,0.4523883970555708,0.3427314206500902
0,0.4537129861208397,0.284025542864214,0.2622614710149461
0,0.1320579484258736,0.25852838858807575,0.6094136629860506
0,0.3952103968964036,0.41722136783967073,0.1875682352639256
0,0.28713352517775803,0.3408599857375301,0.37200648908471196
0,0.20212911556703458,0.4141570460572829,0.38371383837568257
0,0.1943749286731404,0.24896139113732205,0.5566636801895376
0,0.6502837008791427,0.14792649658351503,0.2017898025373421
0,0.4608528357172641,0.2642793468953084,0.27486781738742755
0,0.20640685849126914,0.5149990713231646,0.27859407018556637
0,0.4564961981568608,0.1562396858829759,0.3872641159601633
0,0.23841751505703362,0.37573006489716204,0.3858524200458043
0,0.38600245185299137,0.21531908648581646,0.39867846166119203
0,0.06726032382328817,0.20827451397078867,0.7244651622059233
0,0.4754743657534917,0.13430445130012159,0.39022118294638664
0,0.17636290397209362,0.09468503599474247,0.7289520600331639
0,0.5072918054918842,0.33958531239967954,0.15312288210843625
0,0.42507923430550215,0.22943467232165068,0.3454860933728471
0,0.1820508704080409,0.33634848192295946,0.4816006476689997
0,0.2895851610337737,0.3909156347812298,0.3194992041849965
0,0.24030738925290585,0.2690058952523775,0.4906867154947167
0,0.15588798015131858,0.8009466580991453,0.043165361749536196
0,0.2640132534337524,0.4799125465898027,0.2560741999764449
0,0.5368967843919505,0.2983128347240787,0.1647903808839708
0,0.3020741198089922,0.5087120709490591,0.18921380924194875
0,0.7158804317122558,0.09829725596281433,0.1858223123249297
0,0.2895210014611064,0.35852646599734966,0.351952532541544
0,0.6512593976747949,0.28253436250403935,0.06620623982116576
0,0.14913535025664335,0.22555683719293343,0.6253078125504232
0,0.3738890895990702,0.20944066864507607,0.4166702417558537
0,0.31826161135535525,0.4836637681463153,0.1980746204983295
0,0.30893403779184925,0.5524613037117605,0.13860465849639028
0,0.12751819810622733,0.40607450744981505,0.4664072944439577
0,0.4257720970509844,0.2577582406446131,0.3164696623044025
0,0.5413337858873969,0.20567424724540634,0.2529919668671968
0,0.4765880058870895,0.32565969800125033,0.19775229611166018
0,0.16726562751358837,0.3965209300736506,0.436213442412761
0,0.1201711965868551,0.305327305980626,0.5745014974325189
0,0.829480032059466,0.05864463800015922,0.1118753299403747
0,0.06291941852748113,0.740642901689768,0.1964376797827509
0,0.20807975732339254,0.2921863240961511,0.4997339185804564
0,0.321823876005968,0.1654902425653749,0.5126858814286571
0,0.2605092769025711,0.6130426785581078,0.12644804453932101
0,0.4199896674816978,0.23421634807334688,0.34579398444495535
0,0.2226927930407698,0.643407546428846,0.1338996605303841
0,0.24891828279825118,0.42380170162335307,0.32728001557839576
0,0.5057080785709372,0.24082316376175522,0.25346875766730753
0,0.33329485846961293,0.48175593054824073,0.18494921098214626
0,0.34096258791233625,0.40212155920384324,0.2569158528838205
0,0.1475328248805544,0.5642177809569312,0.2882493941625145
0,0.32467032070561413,0.3201197236610987,0.3552099556332872
