target,prediction_VL_01,prediction_VL_02,prediction_VL_03
0,0.20414373738220526,0.5005931637288866,0.2952630988889082
0,0.2319028334929927,0.3401167615110039,0.42798040499600354
0,0.233206553807473,0.44951255459373324,0.31728089159879375
0,0.21782236243970562,0.49167230886236096,0.29050532869793344
0,0.19421327881422595,0.47679650298643217,0.3289902181993418
0,0.12629079733983362,0.2869944866435586,0.5867147160166079
0,0.20035836731044568,0.49467209451553984,0.3049695381740143
0,0.24215973537692123,0.43252526176777756,0.325315002855301
0,0.22746133561139711,0.43360645260873937,0.3389322117798639
0,0.20490748643706883,0.5125625111493735,0.28253000241355747
0,0.12256396769398889,0.5884205064472191,0.289015525858792
0,0.1638021359767757,0.45327309893429696,0.3829247650889275
0,0.13161605876572238,0.5041849127841793,0.3641990284500982
0,0.24109438665351046,0.4862396623199709,0.2726659510265187
0,0.20368537051788896,0.4448481847012962,0.35146644478081457
0,0.176844129499122,0.4937277648335274,0.32942810566735076
0,0.23822525007302417,0.4287438080826006,0.33303094184437515
0,0.2922419619420322,0.39392520121488195,0.3138328368430857
0,0.20592128355135167,0.47027095910663014,0.3238077573420183
0,0.18813512782389522,0.41602725095652443,0.39583762121958027
0,0.16149625595968484,0.409318405985542,0.42918533805477316
0,0.2489451048857018,0.2910873958356452,0.4599674992786529
0,0.17495049187532294,0.3719470843729262,0.453102423751751
0,0.21181156596199516,0.4724635092265622,0.3157249248114426
0,0.19887846167633796,0.250783837035504,0.5503377012881581
0,0.2702710705003658,0.38816317337469347,0.34156575612494067
0,0.2041398611873734,0.29443670176447445,0.5014234370481522
0,0.29525975903917556,0.34686180684994156,0.3578784341108829
0,0.19741690793788114,0.48305081898414326,0.31953227307797566
0,0.29890335839595195,0.3510323750872844,0.3500642665167637
0,0.2699998761010006,0.31793869823777887,0.4120614256612205
0,0.2897130368958105,0.39954319641175645,0.31074376669243287
0,0.23849073357142145,0.3774188946212361,0.3840903718073423
0,0.21077278465070054,0.27982109120977383,0.5094061241395256
0,0.22208034754802397,0.3433846512571868,0.43453500119478916
0,0.3448881986143263,0.2985371740377688,0.356574627347905
0,0.31533078245255686,0.3559322249754309,0.3287369925720127
0,0.2672085998113644,0.45416931716304665,0.2786220830255889
0,0.2290689682288811,0.42976336739446025,0.3411676643766588
0,0.24974152393111704,0.43453755922710596,0.31572091684177694
0,0.26940442153300365,0.4788924511791874,0.2517031272878089
0,0.3218882004155803,0.34787884043534295,0.3302329591490767
0,0.2864845755167058,0.40643418594468483,0.30708123853860947
0,0.3484960641405759,0.3612487952052642,0.29025514065416
0,0.32095534879615406,0.36998487019729154,0.30905978100655457
0,0.225286486635954,0.4170808297883134,0.3576326835757323
0,0.41585067629304384,0.28900392951468973,0.2951453941922661
0,0.3819474728259282,0.26152331003081064,0.3565292171432611
0,0.2833797094117542,0.2730663885599256,0.44355390202832046
0,0.23300815030021044,0.47881461344266524,0.28817723625712455
0,0.34163407085892383,0.3254597038440687,0.3329062252970074
0,0.405716705576046,0.2790719581165589,0.3152113363073952
0,0.2529362890844546,0.45266965438750467,0.29439405652804107
0,0.20225049198109032,0.34623890500542526,0.4515106030134841
0,0.21398424789998657,0.38861016349054217,0.39740558860947145
0,0.3941629330036335,0.21748081088749238,0.38835625610887403
0,0.17839106192791435,0.45805671639917417,0.36355222167291135
0,0.20672777144141594,0.4285032733623264,0.3647689551962576
0,0.27200384880929823,0.3722310380023288,0.35576511318837273
0,0.17628715670311887,0.48927725096482544,0.3344355923320556
0,0.2691512764433016,0.307042307949365,0.4238064156073335
0,0.19900440017387408,0.42040447940512754,0.3805911204209987
0,0.20025738976377486,0.45908804979954837,0.3406545604366769
0,0.2800669213191467,0.38391845125404495,0.33601462742680815
0,0.24870345920120918,0.41493641728174896,0.3363601235170414
0,0.20703846738223608,0.34966261634507795,0.44329891627268597
0,0.2756459828908316,0.35058963882487043,0.37376437828429787
0,0.2224750171111285,0.47545064618369914,0.3020743367051722
0,0.2260476570149607,0.2839528506350812,0.48999949234995804
0,0.28634287294165006,0.4248987541130883,0.28875837294526197
0,0.3670613085797653,0.35914071931097136,0.2737979721092634
0,0.32422908353308055,0.4111255839337877,0.26464533253313194
0,0.31563308371628257,0.3845778697633902,0.29978904652032706
0,0.23224077730385165,0.2835959510203828,0.48416327167576556
0,0.29547342912737284,0.38819826915190697,0.31632830172072013
0,0.33427728381478733,0.41442017396602676,0.25130254221918613
0,0.22396382662823872,0.3799139296406001,0.39612224373116117
0,0.2588842253632927,0.46045173564963476,0.2806640389870724
0,0.22176509335395062,0.4168618385317824,0.36137306811426684
0,0.3187664285304191,0.2829062186972446,0.3983273527723362
0,0.3738543952100468,0.19386865257057853,0.4322769522193745
0,0.1962744907560221,0.44577164895989113,0.3579538602840867
0,0.3101409752491454,0.32332947749682556,0.366529547254029
0,0.2838404878613428,0.3925678033794346,0.32359170875922233
0,0.29498279687808515,0.3514764586625745,0.3535407444593403
0,0.26498149642981633,0.4139075432884427,0.32111096028174113
0,0.23332868709231327,0.43562285980651877,0.331048453101168
0,0.25572934114348295,0.4530708601151779,0.29119979874133917
0,0.1878693991332439,0.48402796718499164,0.3281026336817647
0,0.23022587882576145,0.42072081457104826,0.34905330660319034
0,0.18526594756781262,0.5036224611737596,0.31111159125842774
0,0.17626433512730733,0.496581233643959,0.3271544312287338
0,0.17789369738716004,0.44724707408180575,0.3748592285310342
0,0.13947581894472727,0.41204646612895995,0.4484777149263129
0,0.13131641450055112,0.28119828919195294,0.5874852963074957
0,0.2521842314350543,0.3876426692149577,0.3601730993499877
0,0.21711175176974143,0.33080575278349417,0.4520824954467646
0,0.2065621259929245,0.3848622033476167,0.4085756706594587
0,0.25793724199010515,0.37732943873035185,0.364733319279543
0,0.21517289493046834,0.4550734516326184,0.3297536534369134
0,0.27298149713052416,0.39997298367884726,0.32704551919062835
0,0.26480739467052405,0.45863500582582534,0.2765575995036506
0,0.389245291650507,0.3116051619939971,0.29914954635549573
0,0.2829705979021365,0.383998996726814,0.3330304053710495
0,0.09335447997682474,0.24335299842536762,0.6632925215978075
0,0.23879411106542917,0.3869507822713567,0.3742551066632137
0,0.12580503488339043,0.5581261820824299,0.31606878303417946
0,0.21692948247071825,0.3770801623623359,0.4059903551669462
0,0.25998538117637787,0.3667862057508114,0.3732284130728107
0,0.27319349772799345,0.3545795102721565,0.37222699199985
0,0.25484966487885946,0.43605841415032726,0.3090919209708132
0,0.22840797092375797,0.34232426118743015,0.4292677678888119
0,0.24345332663573743,0.3579012333213597,0.3986454400429027
0,0.17221703505412939,0.29108129191769005,0.5367016730281806
0,0.23460687649131856,0.44952715716674496,0.3158659663419366
0,0.3898556248403411,0.313010470218061,0.29713390494159797
0,0.2111680950027377,0.30597359331503593,0.482858311682226
0,0.3150933501075685,0.3178957364995395,0.367010913392892
0,0.25624890025640584,0.4113948845313942,0.33235621521219977
0,0.20642490224866866,0.47308038049444834,0.32049471725688317
0,0.25531867055350177,0.4156589741624882,0.32902235528400997
0,0.19919926749742575,0.44653059341415097,0.3542701390884234
0,0.15233997323195406,0.394140835918801,0.4535191908492448
0,0.2683389607417053,0.45501739025951266,0.27664364899878185
0,0.39837717964340336,0.3331077515007226,0.2685150688558741
0,0.2629249817936373,0.33283157924549706,0.40424343896086556
0,0.2292705146621242,0.47271982319859474,0.2980096621392812
0,0.2674112333637741,0.3568484135231292,0.37574035311309656
0,0.19881004156009216,0.361539416488241,0.4396505419516668
0,0.21065469317770283,0.45057436337915613,0.3387709434431412
0,0.2585220469279658,0.4138343923486827,0.32764356072335155
0,0.26805351236623104,0.37320687054025153,0.3587396170935174
0,0.22355615695596387,0.43774937837176997,0.33869446467226627
0,0.20054592369219343,0.34650618492278945,0.452947891385017
0,0.18899919304456664,0.29696996512935436,0.5140308418260793
0,0.2871440773109483,0.4412430958584098,0.27161282683064175
0,0.24050501674010918,0.44072127902665015,0.31877370423324053
0,0.2062049472349028,0.4715013121458069,0.32229374061929034
0,0.2896410005429323,0.41699920752824793,0.29335979192881984
0,0.24494420467905761,0.4677821669943496,0.287273628326593
0,0.2432375454997011,0.41513149317120035,0.34163096132909854
0,0.23462511635847338,0.45335674588140507,0.3120181377601215
0,0.18704884886027928,0.24558811661574875,0.5673630345239721
0,0.3533062207726952,0.34633874576039736,0.3003550334669075
0,0.23695595387372104,0.4220185055797385,0.3410255405465411
0,0.262174885203688,0.43760562207679743,0.30021949271951476
0,0.18966426902931344,0.5291171060453865,0.2812186249253002
0,0.14668398967228513,0.5059441526526322,0.3473718576750828
0,0.19608772019890533,0.44812955461658815,0.3557827251845066
0,0.21332473870386437,0.26169562636698457,0.5249796349291511
0,0.2563026411932357,0.31971095309820285,0.4239864057085612
0,0.15899086902503903,0.5468354403370681,0.29417369063789295
0,0.22160361200683729,0.26214021545679134,0.516256172536371
0,0.22092930533217073,0.32899010242068666,0.45008059224714275
0,0.27408352518864304,0.3428325916325403,0.38308388317881686
0,0.3677110567849207,0.3171305536679245,0.31515838954715486
0,0.236527854628659,0.4227294453098101,0.340742700061531
0,0.20349984231772378,0.5213876061429639,0.2751125515393124
0,0.2183142955689971,0.43167468488632943,0.3500110195446734
0,0.17833214196791602,0.48694205699373055,0.3347258010383535
0,0.26060691376499767,0.3060531821665333,0.4333399040684688
0,0.32364544993517663,0.38514333070276685,0.2912112193620563
0,0.27574720291838273,0.4090531653650536,0.31519963171656357
0,0.2284960569925379,0.4057571122494139,0.3657468307580484
0,0.28923121170075516,0.3424291722742141,0.3683396160250307
0,0.3725089479991197,0.2637138923828662,0.3637771596180142
0,0.196846525237583,0.33170960725154647,0.4714438675108702
0,0.23140453580243794,0.3519618457248775,0.4166336184726846
0,0.20467666177174873,0.5075834402059939,0.2877398980222574
0,0.1695052665517454,0.3967766090023961,0.4337181244458585
0,0.22362883684734788,0.4774638595937396,0.29890730355891226
0,0.21116357462424953,0.32999394240392865,0.45884248297182184
0,0.3012759877725237,0.2968259520164139,0.40189806021106217
0,0.22486770418515595,0.3950409660135634,0.38009132980128074
0,0.1933652609396938,0.47573883251542837,0.3308959065448776
0,0.26505540355383833,0.4669247448894452,0.2680198515567166
0,0.21555518315930328,0.38892804196422315,0.39551677487647346
0,0.2907334263379667,0.41407498061841763,0.29519159304361564
0,0.2095635987652613,0.4717800949305076,0.31865630630423103
0,0.20195207225976586,0.4020980342240815,0.39594989351615284
0,0.19782993065830698,0.3536578230516327,0.4485122462900603
0,0.2509074809427124,0.40607579587814124,0.3430167231791464
0,0.28284902503803167,0.3785297485322792,0.33862122642968917
0,0.23612242184557317,0.5176050428392815,0.24627253531514537
0,0.21876053941616203,0.39550052263113666,0.3857389379527015
0,0.1791845261282649,0.3748459348155041,0.4459695390562311
0,0.3097972280247268,0.3653588573539959,0.3248439146212773
0,0.28405132918508386,0.4297431276061799,0.2862055432087362
0,0.2859703362043289,0.373987618170332,0.3400420456253392
0,0.22034674029616041,0.4753577256851135,0.30429553401872617
0,0.24872257616752722,0.4463737627621291,0.30490366107034367
0,0.2344101774209031,0.42477221948835975,0.3408176030907373
0,0.26948614474407334,0.40427581342318963,0.3262380418327372
0,0.26561687515502685,0.35555850086053253,0.37882462398444083
0,0.2639910814995008,0.3405876460731677,0.3954212724273316
0,0.200514899739094,0.40276669774123336,0.3967184025196727
0,0.2227102837319713,0.4718104898156727,0.30547922645235587
0,0.18977585238990913,0.4843474285708725,0.3258767190392185
0,0.26823257974069264,0.39906204874184575,0.3327053715174617
0,0.30407813127610406,0.34822015181474886,0.3477017169091471
0,0.23941146934517166,0.37998058545863145,0.3806079451961969
0,0.29491329881936185,0.38767712458224146,0.3174095765983965
0,0.2185461609004283,0.44914223402459325,0.3323116050749785
0,0.2333302956031509,0.42412115750696033,0.34254854688988884
0,0.2722863708508925,0.4130871247574862,0.31462650439162126
0,0.34390879600931457,0.38838232320367344,0.2677088807870118
0,0.1179864046011554,0.21669663375890996,0.6653169616399346
0,0.22751402932569095,0.41815488274031853,0.35433108793399043
0,0.2567970860709468,0.3632041361845367,0.3799987777445165
0,0.2151842439756966,0.4173402970808232,0.3674754589434802
0,0.22997005285145125,0.40966716526537156,0.36036278188317716
0,0.3370059504845816,0.34829404751025794,0.3147000020051606
0,0.34586424877471955,0.2930106960507103,0.36112505517457005
0,0.30404676748101,0.3464026997015869,0.349550532817403
0,0.2574261941936464,0.3931600145302975,0.34941379127605626
0,0.32162690346183986,0.3767619446265622,0.3016111519115979
0,0.15389746372914698,0.29080218364606925,0.5553003526247838
0,0.1912424015557565,0.4960564351542407,0.31270116329000275
0,0.24917064317814577,0.3918501937184633,0.35897916310339145
0,0.30190844626701696,0.3204439823485648,0.3776475713844185
0,0.24708505765555974,0.3562197166915712,0.39669522565286897
0,0.2572986843612766,0.45174247805930967,0.29095883757941343
0,0.271535368873066,0.43930490378918774,0.2891597273377461
0,0.1938731019889734,0.36319596715572994,0.44293093085529656
0,0.265757261432549,0.3473571558045598,0.38688558276289076
0,0.2636374396505155,0.47051424601103403,0.26584831433845035
0,0.25571743074716896,0.2506889864911394,0.4935935827616917
0,0.22092013855029236,0.5139772565629024,0.2651026048868053
0,0.2553776520717005,0.4142710776450047,0.33035127028329486
0,0.3628705800503891,0.32608044366105104,0.3110489762885599
0,0.3805960258674703,0.2727619348421952,0.34664203929033455
0,0.292673395229554,0.4269680455827379,0.2803585591877083
0,0.2938196837739027,0.4176107480046705,0.2885695682214267
0,0.3041674412074208,0.39575266340413123,0.30007989538844815
0,0.184635303496427,0.22754074411064135,0.5878239523929316
0,0.23697822817259617,0.26420515096238745,0.4988166208650163
0,0.12876902750787017,0.3846338892650464,0.48659708322708317
0,0.22556362215020886,0.4485428567680621,0.32589352108172903
0,0.2631827876448725,0.42179345514819605,0.3150237572069314
0,0.1503769955220966,0.37234956636373623,0.4772734381141671
0,0.2582676517160254,0.3507308339281479,0.3910015143558267
0,0.2660494036567689,0.35778637554720943,0.37616422079602185
0,0.24042488567182319,0.42241400981299915,0.33716110451517745
0,0.2149751412495501,0.40717266503412586,0.37785219371632417
0,0.1986124261437196,0.4773831084610387,0.3240044653952419
0,0.22877258576138243,0.4137732676637897,0.3574541465748278
0,0.243126886357892,0.42045169881052086,0.33642141483158705
0,0.17128009483480966,0.2999345722610805,0.52878533290411
0,0.25301562126973376,0.40473002919410467,0.34225434953616163
0,0.3689697770187249,0.3912177971624425,0.23981242581883255
0,0.2880354414802052,0.32930652206985117,0.3826580364499435
0,0.2935229615867623,0.3403402765398445,0.36613676187339333
0,0.25005877523172754,0.469483234769289,0.2804579899989836
0,0.2222379326868408,0.48757174154025557,0.29019032577290355
0,0.2724145515835073,0.354849069406878,0.372736379009615
0,0.2692548828475304,0.4206516772923389,0.31009343986013077
0,0.307497329024525,0.3696785012221263,0.3228241697533485
0,0.2879192247055516,0.3452897696025755,0.366791005691873
0,0.2581869830782122,0.3290520791990263,0.41276093772276173
0,0.2621575344357015,0.3483327849765399,0.38950968058775876
0,0.22744613030884467,0.38258897456106783,0.3899648951300875
0,0.23730512564339948,0.4179196749423164,0.34477519941428414
0,0.22145761901777794,0.42372849032851,0.3548138906537116
0,0.2860937244847191,0.34267287310903954,0.37123340240624125
0,0.25734741072736583,0.3041780887784474,0.4384745004941867
0,0.26483917943044755,0.35176419913269863,0.38339662143685405
0,0.2319822318894936,0.4543939358636606,0.31362383224684565
0,0.1442515836133607,0.5122912365148798,0.3434571798717594
0,0.32501901396772925,0.3578219982996638,0.31715898773260687
0,0.24683698063225362,0.4290151987798769,0.3241478205878696
0,0.25733273366793624,0.44151698440286635,0.30115028192919746
0,0.2370485411660467,0.37805269654046986,0.3848987622934834
0,0.3169583740243085,0.39586165462458683,0.28717997135110457
0,0.23371263208207807,0.41629502440703475,0.3499923435108869
0,0.2591512985689858,0.3859447417076404,0.35490395972337385
0,0.29658473748958003,0.43235991605222823,0.27105534645819196
0,0.18731523882368153,0.5045719060393793,0.3081128551369395
0,0.2029877157037968,0.5112277392771545,0.285784545019049
0,0.24579083013676847,0.42850968995127486,0.32569947991195686
0,0.21374555280828067,0.4461986839384916,0.3400557632532276
0,0.20991905113206266,0.45683063636378674,0.33325031250415066
0,0.2668095416747902,0.4106251893727694,0.3225652689524405
0,0.20351050416809752,0.3926593858130761,0.4038301100188264
0,0.2781303920808009,0.4025330788261834,0.3193365290930159
0,0.32016592610991035,0.3551316117431889,0.32470246214690074
0,0.28460521652268966,0.44209903352810814,0.2732957499492022
0,0.2530195191519315,0.4011502695591838,0.3458302112888851
0,0.26127278165754175,0.4207614230363663,0.3179657953060918
0,0.17862219699603418,0.3047487016552356,0.5166291013487304
0,0.2030054833691493,0.3975413031814061,0.3994532134494446
0,0.16940604247520874,0.302128001174161,0.5284659563506303
0,0.2681723649389617,0.2517508088048099,0.48007682625622833
0,0.18198173718707925,0.46737730590091797,0.35064095691200287
0,0.24358181859921543,0.29581011198427054,0.4606080694165138
0,0.18361873782761978,0.4039239914677555,0.41245727070462473
0,0.2364966614875842,0.3269039319116454,0.4365994066007699
0,0.2789808487321977,0.4272600457469594,0.2937591055208429
0,0.1724592849497648,0.5285375023197914,0.29900321273044356
0,0.18778406154691704,0.400149765040994,0.4120661734120888
0,0.2594462564095941,0.3106954070325043,0.42985833655790173
0,0.29076885000057545,0.37893100043774,0.3303001495616844
0,0.2878109724640084,0.4132571791228192,0.29893184841317266
0,0.24422238255327397,0.3756489848768376,0.38012863256988855
0,0.2725062061103748,0.35476200709167277,0.37273178679795244
0,0.176610374232888,0.35496530600130766,0.46842431976580423
0,0.14189197762916075,0.5257624040270149,0.3323456183438243
0,0.25742825602692776,0.3904351769638273,0.35213656700924495
0,0.29072741220125975,0.3135203740387179,0.3957522137600226
0,0.3216803632728103,0.3456199067867215,0.3326997299404682
0,0.3204667812433638,0.3848671997650137,0.2946660189916223
0,0.25398851023765895,0.4331659441263452,0.31284554563599576
0,0.25726973541379555,0.3863359068166404,0.3563943577695642
0,0.2315376977153625,0.3712599611323249,0.3972023411523126
0,0.22473701094001444,0.3397580336314693,0.435504955428516
0,0.31006178178368937,0.34359568662643725,0.3463425315898731
0,0.272576880258169,0.2500134940798366,0.4774096256619943
0,0.2663095947068862,0.3260053613343255,0.4076850439587883
0,0.20579563762692205,0.4665347566438488,0.32766960572922893
0,0.2634925714263502,0.38270965353918535,0.3537977750344644
0,0.30268951784923886,0.41692887813619556,0.28038160401456536
0,0.18878858135083817,0.469656578652223,0.34155483999693903
0,0.284367912458866,0.40270696315178595,0.312925124389348
0,0.2979303936672348,0.4240345292176803,0.27803507711508485
0,0.22801744897732032,0.3628739558520555,0.40910859517062415
0,0.2060174659523212,0.5293343356030412,0.2646481984446373
0,0.24082279543650362,0.44291257892743385,0.3162646256360624
0,0.3264541821767325,0.27397132994696893,0.3995744878762984
0,0.2630309519597381,0.3845629964422996,0.3524060515979624
0,0.220029082157168,0.33792253853607623,0.44204837930675595
0,0.3644106523636715,0.3344769437020774,0.3011124039342512
0,0.2750992235770464,0.37167843258678246,0.35322234383617124
0,0.359221717206449,0.3285356572485446,0.31224262554500626
0,0.24350598015559313,0.4801349152972032,0.2763591045472037
0,0.254767426568265,0.49088925361093483,0.2543433198208
0,0.26158816916069577,0.46248096681542433,0.27593086402387984
0,0.2341686324666862,0.46046570191697256,0.3053656656163413
0,0.3116823358462272,0.2533171842399112,0.4350004799138616
0,0.1903611445212834,0.43946510661168037,0.37017374886703597
0,0.2673262461139486,0.43537423499807354,0.29729951888797784
0,0.27706176600883936,0.33130813421333416,0.3916300997778265
0,0.18845622919130534,0.39206901401278743,0.41947475679590707
0,0.2889435045738404,0.39270610616123797,0.31835038926492176
0,0.2607441332755218,0.43046608431182676,0.3087897824126514
0,0.23146821698910042,0.5090973016746755,0.25943448133622393
0,0.17554472390867984,0.2771238151350228,0.5473314609562973
0,0.2426218284734312,0.29399908950474396,0.4633790820218248
0,0.24424476264622882,0.4813802824071207,0.27437495494665004
0,0.21770723126690722,0.44839620580894163,0.333896562924151
0,0.21679392790951915,0.39974315248072206,0.3834629196097588
0,0.2692168608756567,0.33713579842782715,0.3936473406965162
0,0.23059696550373615,0.45956757539193666,0.3098354591043272
0,0.20934437937539976,0.4457565525494056,0.34489906807519477
0,0.32435668549772134,0.3429922364531678,0.33265107804911076
0,0.3265892711735631,0.3931010548058132,0.2803096740206237
0,0.24723004544272859,0.41640430571311715,0.3363656488441543
0,0.32373798349649757,0.3886623306834133,0.28759968582008955
0,0.26734785486005436,0.3703222131744674,0.3623299319654783
0,0.16776903677562408,0.5284856048008316,0.3037453584235442
0,0.22956292367776984,0.3866255536287693,0.38381152269346086
0,0.21063982334472717,0.49723717572253207,0.29212300093274074
0,0.3220968097740699,0.31736893230505503,0.3605342579208751
0,0.25195614110926345,0.3297918430679524,0.4182520158227843
0,0.2847082037496995,0.3912404109619481,0.3240513852883522
0,0.1708750745454071,0.3536942959980614,0.4754306294565314
0,0.2649719992594508,0.40657873571453207,0.3284492650260172
0,0.27366718955193914,0.36145575828400195,0.3648770521640589
0,0.23774175067710085,0.42520585991606336,0.3370523894068358
0,0.2415664177394217,0.4756376004012124,0.28279598185936594
0,0.21240557890078307,0.4937476608806855,0.29384676021853157
0,0.26668616488660024,0.4140550178347444,0.31925881727865535
0,0.15330593033212261,0.3455708128750577,0.5011232567928198
0,0.2667462208721391,0.3914954826997445,0.3417582964281162
0,0.24320307271299327,0.28143023034029613,0.4753666969467107
0,0.31488567748943774,0.2994251316657507,0.3856891908448114
0,0.1827451051743624,0.3113136907316429,0.5059412040939946
0,0.2298889552554245,0.47137463021598547,0.29873641452859
0,0.22541621380067872,0.38747104796359877,0.3871127382357224
0,0.214519749873284,0.47255060302674373,0.3129296470999721
0,0.22377864926791013,0.43996768138018333,0.33625366935190665
0,0.22930285000126854,0.45544990852611345,0.31524724147261834
0,0.30363554480484173,0.3581253882876954,0.338239066907463
0,0.29551765678252984,0.4176660808115505,0.2868162624059198
0,0.19083888294171578,0.4644021796431075,0.34475893741517705
0,0.18112516429904857,0.2920903368998824,0.5267844988010689
0,0.2957061595671044,0.40722730837850624,0.2970665320543894
0,0.19452771526005405,0.48662336580355403,0.3188489189363919
0,0.39549034009874257,0.3287216701569626,0.27578798974429497
0,0.32731677903531303,0.387990439630886,0.284692781333801
0,0.3007931496573139,0.47402384112112295,0.2251830092215631
0,0.22951601384883463,0.4046374775478732,0.36584650860329215
0,0.2618005961685512,0.43554759566813217,0.30265180816331644
0,0.1292793427147788,0.4050674234327493,0.4656532338524718
0,0.3227517666058057,0.36814312370476937,0.309105109689425
0,0.2703758293367186,0.36395908867696214,0.3656650819863191
0,0.27199605781104935,0.4007610187784859,0.3272429234104647
0,0.249698214630421,0.3621415421799722,0.3881602431896068
0,0.23061030976105817,0.49813277835726305,0.2712569118816789
0,0.331300591856314,0.3711504828125915,0.29754892533109434
0,0.2774684762479499,0.3107775894660223,0.4117539342860276
0,0.3725932505593405,0.264216403024962,0.3631903464156973
0,0.3089111749099031,0.372477493064372,0.3186113320257247
0,0.27414747727012223,0.3807070682560904,0.34514545447378764
0,0.4021634741682782,0.35520502857857794,0.2426314972531439
0,0.19158428504035338,0.4405966738676069,0.3678190410920397
0,0.310712234537288,0.3168936283074579,0.37239413715525393
0,0.1926074572547173,0.4600274842764626,0.34736505846882
0,0.30815990240342533,0.31555122739933267,0.3762888701972419
0,0.29691920088270035,0.3703932991445896,0.33268749997271
0,0.23546630721727607,0.44178947393235607,0.32274421885036786
0,0.2488882706607154,0.45530835201196274,0.29580337732732187
0,0.2255592390089138,0.34524942562389843,0.4291913353671877
0,0.2116839279896537,0.45828050440906104,0.33003556760128516
0,0.20586531690099216,0.39114585440666977,0.4029888286923378
0,0.25421364401807567,0.32668249422385065,0.4191038617580736
0,0.24576469049936997,0.42312746357652925,0.3311078459241007
0,0.2525749442085006,0.4029413516430207,0.3444837041484787
0,0.22015925876466227,0.40587277355692675,0.37396796767841106
0,0.2377934335066876,0.49043461259929183,0.27177195389402065
0,0.15408441769425074,0.5157218099173313,0.3301937723884178
0,0.1791124283903711,0.5006664354252001,0.320221136184429
0,0.1844719573999889,0.4536421486153359,0.36188589398467524
0,0.2331272855389485,0.3285951063432713,0.43827760811778
0,0.09422705659523177,0.1745832061134358,0.7311897372913324
0,0.18958264675912895,0.42149657186289846,0.388920781377972
0,0.2501314307263046,0.44219731547143687,0.3076712538022583
0,0.17750796814008912,0.4229844052099031,0.3995076266500074
0,0.21743777065378017,0.4011477413076586,0.38141448803856115
0,0.15869986860623642,0.43262578986595585,0.40867434152780807
0,0.20911685198511012,0.358278077738534,0.4326050702763558
0,0.27028211215720177,0.3760113800826279,0.35370650776017015
0,0.22284096826952346,0.4645744885120524,0.3125845432184241
0,0.16273112134728157,0.327634404870887,0.5096344737818312
0,0.24138310902898724,0.3880874413297103,0.37052944964130236
0,0.1965975310669559,0.426771839985341,0.37663062894770305
0,0.28793250771771434,0.4201267591364998,0.29194073314578567
0,0.31814444989581353,0.39970624112760744,0.282149308976579
0,0.22920903324365094,0.41957860657836726,0.3512123601779818
0,0.2604251606585318,0.3961254822313961,0.3434493571100723
0,0.2657664026753163,0.32032960031603874,0.41390399700864494
0,0.26588721278489563,0.31668765482319516,0.4174251323919093
0,0.1503950984017422,0.4096897768409265,0.4399151247573312
0,0.30531647708727483,0.429646350462454,0.2650371724502711
0,0.2959388590858741,0.3385254284031041,0.3655357125110214
0,0.2762943941469558,0.37288300306078587,0.35082260279225835
0,0.17226512131289173,0.44788750149143314,0.37984737719567513
0,0.2761533064708946,0.31385608366138956,0.4099906098677158
0,0.27621339040848014,0.36524506811142965,0.35854154148009015
0,0.2649985589553862,0.41263834072522565,0.322363100319388
0,0.19931047027143375,0.4316242029354006,0.3690653267931653
0,0.29693611704524825,0.40946678498168104,0.2935970979730706
0,0.21466012115283586,0.45959096081603,0.32574891803113426
0,0.2490633269092583,0.33016213139123,0.4207745416995117
0,0.2837092380664754,0.371426337809454,0.3448644241240706
0,0.3038263882410599,0.38746590727941843,0.3087077044795219
0,0.1709276893227352,0.4258581988780788,0.403214111799186
0,0.2028342193894436,0.4603494259298428,0.3368163546807135
0,0.2570548126855822,0.3995092107002968,0.3434359766141206
0,0.17088981595780478,0.4673710346340091,0.3617391494081862
0,0.22583797654032564,0.26891806202145185,0.5052439614382224
0,0.2151440015497275,0.2319473753304195,0.5529086231198531
0,0.2647835133871321,0.28292318393783183,0.4522933026750359
0,0.27037806199354497,0.4859930144756232,0.2436289235308321
0,0.14837935467764515,0.3524842903333594,0.4991363549889954
0,0.1896044764498154,0.426152262036232,0.3842432615139525
0,0.14452848310038374,0.3844998786671945,0.47097163823242194
0,0.2247808661635483,0.4874572036897819,0.28776193014667
0,0.28208908515723896,0.27446449925466826,0.44344641558809267
0,0.2555806828658085,0.36303355262764514,0.38138576450654654
0,0.2561854391688223,0.36578749531865035,0.3780270655125272
0,0.3754979678345001,0.3583332653870146,0.26616876677848517
0,0.403946419206328,0.36209657155320885,0.23395700924046334
0,0.2361418778964986,0.3364049894516487,0.4274531326518528
0,0.23752972036999664,0.3162647368503231,0.4462055427796805
0,0.2722789268435472,0.27678286058151,0.45093821257494265
0,0.2353636632901584,0.4040970947183569,0.3605392419914848
0,0.2609558183677705,0.3932838893654129,0.3457602922668164
0,0.2500395857828631,0.38768401748279635,0.36227639673434064
0,0.24139021830494986,0.4345912843423216,0.3240184973527284
0,0.21577916294787522,0.42024827181019536,0.36397256524192956
0,0.23470866445511593,0.41678863468474375,0.3485027008601405
0,0.29168108191634684,0.38127042360916275,0.32704849447449036
0,0.2584798282322229,0.4214105318224631,0.32010963994531416
0,0.25810065092244855,0.41308121677985205,0.3288181322976992
0,0.2338920866566822,0.40929623229307416,0.3568116810502439
0,0.22480207880152525,0.3562655876921326,0.4189323335063422
0,0.21152653750456157,0.45489238910502183,0.3335810733904166
0,0.34693745216058636,0.34291315164765596,0.3101493961917576
0,0.23067582535226142,0.4533355531073644,0.3159886215403742
0,0.3002920520488846,0.34137417653622004,0.35833377141489536
0,0.19531459178016747,0.269941939049776,0.5347434691700566
0,0.19087028497053832,0.44421154859839024,0.36491816643107156
0,0.3242765030144907,0.3821204071937253,0.29360308979178396
0,0.20392883211901003,0.36496790731758777,0.43110326056340237
0,0.19306861444433768,0.48818448874418446,0.31874689681147783
0,0.18631680188857738,0.48871115769794615,0.32497204041347666
0,0.26015598554037833,0.35944793522034413,0.38039607923927743
0,0.1640493043780618,0.47360368791838914,0.362347007703549
0,0.1736426533080905,0.268856029289883,0.5575013174020261
0,0.28971306988106044,0.2988990679018743,0.4113878622170653
0,0.2125900871363688,0.4704210206838754,0.31698889217975557
0,0.19681214233499172,0.353047133886674,0.45014072377833414
0,0.2265938188120795,0.4385030367426616,0.33490314444525887
0,0.28029134433900643,0.36212921599044895,0.35757943967054484
0,0.3381422004411546,0.3535694034148224,0.3082883961440227
0,0.25587417288507536,0.43140393130019533,0.3127218958147292
0,0.2137862089795616,0.5037440107709367,0.28246978024950187
0,0.2419571699875578,0.4377061323938502,0.320336697618592
0,0.3163200614859484,0.3991950919980463,0.2844848465160055
0,0.3210494643082872,0.33759251651367406,0.3413580191780387
0,0.34795602979184487,0.2484699623736819,0.40357400783447306
0,0.28795054652569796,0.3121008473349637,0.3999486061393383
0,0.2835911107249358,0.3020499791746954,0.41435891010036874
0,0.26081889197719454,0.2960371794660515,0.44314392855675366
0,0.2131087917537002,0.39553364124470003,0.3913575670015997
0,0.35319019491681897,0.3431216319041092,0.3036881731790717
0,0.220486955473188,0.43076617784275206,0.3487468666840596
0,0.22234361983174816,0.46205781592238876,0.3155985642458631
0,0.3370589329823557,0.4337525273373234,0.22918853968032077
0,0.21281910376041863,0.30396778349514936,0.48321311274443207
0,0.38106071665986685,0.3522542245762986,0.2666850587638345
0,0.19469858528003622,0.3482829206263575,0.45701849409360595
0,0.24144911869995184,0.4015409006229669,0.35700998067708134
0,0.1792637331752622,0.44608593173524613,0.3746503350894918
0,0.28324824168507023,0.37554642964532503,0.34120532866960485
0,0.2081807682891242,0.38141472587531716,0.41040450583555854
0,0.21144741379531057,0.3748885688686563,0.4136640173360332
0,0.2672601024434082,0.2524861520165702,0.48025374554002187
0,0.21260893299905453,0.32622227705124013,0.4611687899497052
0,0.27490763134639057,0.39358916914264314,0.33150319951096635
0,0.28752747318225597,0.3489758948303687,0.3634966319873752
0,0.2143236170986086,0.4071361432317999,0.3785402396695914
0,0.24069814609507165,0.360372415168802,0.39892943873612635
0,0.20120549361487045,0.3492044169362301,0.4495900894488995
0,0.24132791337266943,0.4207330885059262,0.3379389981214043
0,0.19523261856209118,0.329779890986062,0.4749874904518466
0,0.3271132072310941,0.357580942920651,0.31530584984825494
0,0.23624042355176608,0.25545082328053,0.5083087531677037
0,0.2744963441100846,0.3945203777942502,0.3309832780956655
0,0.2977900806068989,0.28623445825621313,0.41597546113688805
0,0.2671450889976698,0.3725641333514821,0.36029077765084794
0,0.17540444568025798,0.30081900569657977,0.5237765486231628
0,0.27794466581688765,0.31603912524881017,0.40601620893430246
0,0.2337296530253295,0.3946371336667534,0.3716332133079169
0,0.196353536086047,0.4436430316344131,0.36000343227953985
0,0.23378834886980612,0.4814262555176559,0.284785395612538
0,0.1579901640768246,0.42135493439679106,0.4206549015263844
0,0.3100920739804369,0.24057044078207537,0.44933748523748773
0,0.31312312045366303,0.21231290151438134,0.47456397803195566
0,0.236712580214368,0.3194837303828207,0.44380368940281145
0,0.2421481011955385,0.3583279043608829,0.3995239944435786
0,0.1848709265679866,0.2705748927364655,0.5445541806955482
0,0.22582369109386302,0.2656478253290599,0.5085284835770775
0,0.2225847561039026,0.29596755763602944,0.48144768626006773
0,0.26760161621133843,0.30406139252494996,0.4283369912637116
0,0.3044317004839496,0.30855507464094545,0.38701322487510503
0,0.20870451315128227,0.448042594367111,0.3432528924816065
0,0.22257218002258275,0.43358655692919446,0.3438412630482225
0,0.2861362251437524,0.3799337832640588,0.3339299915921887
0,0.2970610812113513,0.3949991760387317,0.30793974274991703
0,0.22694581453645601,0.4261147599579379,0.34693942550560597
0,0.29326528376841393,0.3676679041099921,0.3390668121215939
0,0.2532735320673911,0.3736715830672773,0.37305488486533156
0,0.23618960509908377,0.4368632280564812,0.326947166844435
0,0.1619654561848191,0.5088927057727365,0.3291418380424445
0,0.24296595665490195,0.4149606348531218,0.3420734084919764
0,0.2519846225326398,0.43701498215693263,0.3110003953104276
0,0.2949587455544557,0.38307002968184417,0.3219712247637002
0,0.2835266062010256,0.3825839414082354,0.333889452390739
0,0.1921059479984473,0.3647735601448876,0.4431204918566656
0,0.23324049972657698,0.44677061239404753,0.3199888878793754
0,0.23153076529026062,0.5145937067458545,0.25387552796388496
0,0.2513625155368255,0.33369430064623157,0.4149431838169431
0,0.251764111012114,0.4339440904296979,0.3142917985581882
0,0.31650192179288333,0.38272546016554343,0.30077261804157324
0,0.20616763106459637,0.3459970799734493,0.44783528896195435
0,0.19742690495317472,0.5355541261851579,0.26701896886166737
0,0.20830120547474237,0.4611084197585183,0.33059037476673925
0,0.2820425514216411,0.35126153637056906,0.36669591220778985
0,0.21929659038772412,0.45037358402555766,0.3303298255867181
0,0.2537182097328962,0.340200192190456,0.4060815980766476
0,0.22899449556034196,0.48945079379723816,0.28155471064241994
0,0.2684147867839588,0.3531980225818151,0.3783871906342266
0,0.2393753154440225,0.3941641182720055,0.366460566283972
0,0.24640481621750088,0.3703384787033971,0.38325670507910226
0,0.25293168815770656,0.4206469203057553,0.3264213915365382
0,0.266109353652417,0.35162892975545285,0.38226171659213015
0,0.21835914727003247,0.44102559931514235,0.3406152534148251
0,0.2347492391213544,0.44953089010067854,0.31571987077796715
0,0.26947517639661067,0.40661883009233885,0.3239059935110508
0,0.18991583547398527,0.4760879177813874,0.33399624674462736
0,0.2110820046017746,0.36670414505626975,0.4222138503419555
0,0.19504228799947423,0.4393500034135732,0.36560770858695246
0,0.19203697089383495,0.3646861958486897,0.4432768332574753
0,0.3338325484804846,0.34611741808821034,0.320050033431305
0,0.3271606057855954,0.37088009852842707,0.3019592956859775
0,0.23986596796271084,0.2868268425308457,0.47330718950644324
0,0.26568998095576846,0.4521897642901817,0.28212025475404995
0,0.19706335738290848,0.48306392465656817,0.31987271796052347
0,0.27488766840566975,0.4146162773434757,0.3104960542508546
0,0.38166033203660954,0.3510157631892168,0.2673239047741736
0,0.22656403189027605,0.3926859630164915,0.3807500050932323
0,0.18313262604348474,0.45573168934066244,0.361135684615853
0,0.15890210867856172,0.43981391869308434,0.4012839726283539
0,0.1891659044541321,0.3864955003383672,0.42433859520750056
0,0.2639622284751244,0.3905202304748176,0.34551754105005816
0,0.2052075963958997,0.4157962560663608,0.3789961475377396
0,0.18995590525939277,0.4321203529503345,0.3779237417902726
0,0.18075338529720847,0.4894171074287602,0.32982950727403154
0,0.2251249200912493,0.4008727434609777,0.3740023364477728
0,0.2561306714273516,0.3536917851939756,0.39017754337867266
0,0.24365870187663158,0.4212197868799011,0.3351215112434674
0,0.2398098120061583,0.4060452888467119,0.35414489914713004
0,0.2907883861890361,0.3949938796837226,0.3142177341272409
0,0.2051770090751264,0.3368767770828993,0.45794621384197437
0,0.23414785356255446,0.4178799544315019,0.3479721920059439
0,0.24799336957368387,0.42368561953057204,0.32832101089574406
0,0.21456001655437906,0.4102650842238176,0.37517489922180347
0,0.21028277763494066,0.3976299925258337,0.3920872298392257
0,0.31041293316080765,0.40089581953515235,0.2886912473040399
0,0.27261576719936903,0.39471459578840135,0.33266963701222985
0,0.2862379619735943,0.4114314513150891,0.30233058671131646
0,0.3101814754971863,0.3633052167651454,0.32651330773766835
0,0.2178639042360173,0.4052892570437091,0.3768468387202735
0,0.30297418445724106,0.34203082778634736,0.35499498775641164
0,0.1365532502767117,0.27778976396356586,0.5856569857597222
0,0.3283958187857042,0.3675365431519881,0.3040676380623077
0,0.217043764468949,0.3118255895029551,0.4711306460280959
0,0.2824508787266644,0.42454661659325926,0.29300250468007644
0,0.22653375398051073,0.4530995472207834,0.32036669879870583
0,0.2272595857547435,0.3670745883012783,0.40566582594397843
0,0.2553784088759166,0.44044294403338,0.30417864709070336
0,0.2512757639350084,0.4318526360814491,0.3168715999835425
0,0.2124180908545278,0.517839282139029,0.26974262700644314
0,0.17785855899714892,0.3443308519454399,0.4778105890574114
0,0.21637099412326866,0.30764702006793854,0.47598198580879275
0,0.20370067788127846,0.44966490574180434,0.3466344163769173
0,0.34996902444066774,0.3774508441228267,0.27258013143650545
0,0.3191923974730797,0.34936447606771026,0.33144312645921037
0,0.24175579194829797,0.43292260115646647,0.3253216068952356
0,0.24059451219526806,0.40589475478252346,0.3535107330222084
0,0.2784095203317191,0.36879196008968995,0.35279851957859104
0,0.3290321898813133,0.42207898224607987,0.24888882787260688
0,0.3148688750527666,0.38222950785736975,0.3029016170898636
0,0.25042166514840636,0.4754496919099147,0.2741286429416788
0,0.22966296661468832,0.345459000320447,0.42487803306486455
0,0.27580970513065095,0.37981467504120725,0.3443756198281421
0,0.1944161305836377,0.4704317522622139,0.33515211715414844
0,0.23218409350171954,0.4401889832334199,0.32762692326486065
0,0.1426238402740871,0.3522375900135039,0.5051385697124089
0,0.31347466811239416,0.3862033594103214,0.30032197247728465
0,0.19891041008295032,0.49991451543572246,0.301175074481327
0,0.16836122741209913,0.2507810814122712,0.5808576911756296
0,0.2045197111679624,0.2876016654347599,0.5078786233972779
0,0.24466550640452397,0.43602506039278377,0.3193094332026921
0,0.24721928553025202,0.4276112793957169,0.32516943507403095
0,0.16456540575787829,0.47224374446632383,0.36319084977579785
0,0.20330911861204962,0.46439369776952727,0.3322971836184233
0,0.2691815685228549,0.3583212840625462,0.3724971474145989
0,0.2154650396880305,0.4085847799779665,0.37595018033400285
0,0.3057263492582959,0.38450763561278783,0.3097660151289161
0,0.26698606324391927,0.39554400733259193,0.33746992942348825
0,0.22950361340100556,0.43707786843028534,0.33341851816870904
0,0.2557754988487728,0.4857971019104645,0.2584273992407628
